1571326
1857824
2195787
2663321
3403846
3828005
4337802
5231251
7074414
7561400
7672865
7680114
7874608
7879650
8869180
9056276
9475292
10656247
11008224
12383449
13103096
13120540
13456447
14172633
14306627
14587737
14851384
15410236
15551659
16080945
16445999
17028177
18087562
18147435
18566564
18709158
18854742
19437160
20060118
20363792
20619379
21114244
21340018
21578356
22240991
22682747
22846857
23388637
24807955
25164642
25305315
25453706
25592985
26107688
27106749
27741213
28306340
28598724
28929298
29807523
29973703
30501529
30553106
30781876
30813803
30836083
31019218
31723287
32048623
32182572
32386139
33244408
33534076
34112115
34853483
35714678
35828942
35839820
36037642
36756213
40013925
40208139
41170155
42457439
42777192
42830090
44404302
44561440
45671769
46027812
47895464
48521369
48765502
48871808
49066721
49437484
50008489
50242085
50699445
50809948
51438542
52552960
52641883
53295267
53453070
53523743
54055748
54123103
54282203
56206850
56381194
56636148
56746836
57235639
57958880
58168351
59629768
59976312
60133061
60210768
60524693
60803594
61206191
61322925
61416811
61927574
61941070
62935164
62988099
63103857
63262669
64150190
64923973
65230989
65342240
65845658
66103660
66695936
67152114
67225481
67447233
67535474
67674984
68314689
68667745
71155384
71718067
71876166
72156325
73375429
73472652
73819909
74045871
75217046
75476326
76101967
76584637
76995700
77144052
77308337
77695648
78660649
78684097
78830901
79047107
79964880
80264508
80813290
82056107
83188612
83677184
84666481
86823619
86942462
87044909
87743287
88730817
89385006
89751363
90263026
90386823
90634127
91367684
92181073
92242050
92415674
92856569
93014782
94966586
95669016
95727967
95773422
95954239
96370831
97179390
97534326
98049733
99530157
100321847
100653560
100891152
101575366
102782435
102840306
105300978
106571435
107185213
107330912
107411591
107621651
108006366
108698909
109640400
109922373
110609856
110729372
111191090
111459678
113115901
114446745
114577906
115463601
115536879
115834611
116255920
116765083
116768196
117304688
117715628
117932830
118157028
118783365
119354765
120089912
120169836
120172042
121762282
121972307
122609327
123411129
125847213
126028757
126086434
126627295
127050380
128426839
128749756
128983949
130292728
130471160
130899085
130954085
131230508
131540856
131566034
132433896
133400601
133451024
133922108
133949880
135683098
135703010
136292003
136368890
137999717
138845721
139057589
141865950
141936482
142401541
142680046
143138918
143170733
143200655
143928922
145095156
145293885
145502257
145798728
146557869
146657916
148764689
148806109
148935617
149569268
151297919
151939129
151953012
152525259
152648892
153692284
154184407
154259770
154466510
154584041
156274592
157556420
158170619
158404633
159224734
159231865
159839497
160075355
160627331
161162983
162358135
162406540
162609259
164393310
164887075
165589400
165675900
165997585
166167712
166247107
167908623
167912568
168099761
168152665
168914107
169308717
169553437
169784767
170311268
170505693
170886063
170901565
172307077
173329298
173426103
173589238
175160662
175389892
176089425
176403188
177165043
177983061
179051346
179291115
179602545
179797066
181016291
181222698
181983108
182468303
182616448
183113053
183207520
183544191
183895028
184134868
184683578
185101425
186122195
186230214
186296588
187046437
187772385
187988867
188683798
188880957
189605043
190169052
190524054
190595313
191436544
191574380
193085181
194248075
194474573
195131307
195584782
197205233
197271426
197741865
198006281
199275666
201786735
202357249
202801027
203083011
203565400
203937992
203966329
204601186
204635682
204947786
205334393
205977545
206715708
207768269
207850277
208191137
208473225
208825410
209113196
210001259
210121919
211446550
212880661
213950332
214039315
214293940
215605838
215750686
217126370
217549515
219065916
219218429
219564839
219572778
219726320
219749067
221181007
221529862
221909101
222748941
222826575
224527526
225470178
225961559
226377810
226723223
227163895
227168880
227548737
227750339
228128113
228949335
229233696
229814012
230235180
230739939
231075675
231195964
231644296
231950199
232149549
233713303
233816850
234054990
234704671
235211771
235942957
236043872
236747038
236783166
237449524
237560737
239961028
239970221
240182285
240811169
240953206
240978845
241678458
242046947
242250372
243215093
243277387
244146945
244455847
245935553
246318540
246931688
247156098
247223539
247458505
247908117
248355431
248672479
249156021
249157724
251712700
251950023
251976083
252356274
252636022
253370129
253371058
253707769
254227148
254901822
254959676
255869173
256187202
256457005
257071133
257092069
257181275
257580280
258334494
258986860
259343158
260168254
260715472
261045826
261318144
262919434
263214169
263223205
264872250
265093361
265656073
266303452
266323819
266738087
267941303
268348522
268492564
269536676
269810187
269943427
270492758
270896696
270934085
271097545
271229101
271697902
271905590
272558912
272981453
273017868
273443959
274224390
274456913
274936641
276243364
276481841
276564810
277419708
278067960
279010297
280103172
280459162
280569673
280846764
282190198
282283704
282386510
282720111
282835490
283245196
283394206
283756862
284190933
284249278
284298275
284396908
284650655
284886872
284967927
285548339
285686036
285897019
287326319
287602391
288575524
289674736
289961747
290151147
290274494
290982393
291198356
291471015
291474504
292772988
293389728
293494157
293935929
294542355
294648444
294864839
294948879
295281975
295677038
295760694
297131165
297605428
297849021
298326969
299215034
299264868
300450117
300720318
300748037
301851782
301985549
302480939
303410212
304019545
304839181
304849386
305252253
305398252
305944188
306196784
306779974
306855684
307311464
307499255
307609851
307887411
308143949
308295925
309030599
309293033
309593214
309978203
310200061
310214231
310292228
310952510
311588929
311801548
313334070
313385397
314772368
315468664
315545437
315609384
315932961
315968343
316201921
317072067
317563285
317605470
317716158
318423463
318494434
319814802
320183350
320463477
320525195
321173826
321273144
321372486
322529201
323040868
323490295
325360991
325658693
325708617
326874612
327117630
327313598
327519910
327585896
329101613
331040459
331283540
331981930
333485129
334083547
334607235
335897852
335940499
337039432
337481991
337901798
338086084
339571772
339819871
340121344
340836629
341261134
341359975
341442600
342529663
342535797
343426327
345455370
345460392
346095676
346347403
346510877
346566896
347655194
348010384
348112236
348269264
348499006
348752868
349000996
349400389
349513923
349774509
349965946
349995847
350264152
350514664
351028599
351215075
352037156
352577371
353071735
353178974
353224825
353254090
353822744
355533778
355882585
357646092
359003277
359569861
360193535
360865678
361262906
361358773
362227102
362661716
362675710
362780011
362805480
362811969
363416725
364160707
364486047
364619622
365523034
366578548
366586388
367608652
367924587
369459259
369738151
370003877
371097255
371527063
371802297
372632271
373050356
374430987
377192045
378479822
378714357
379064376
379985940
380874774
382412389
382600873
382807713
383935326
384861483
385654791
386349402
386571509
388520601
390082031
390730083
391035101
392030588
392628963
393013142
393474071
393526276
394360517
394871146
395181402
395343852
396049090
396215173
396320600
397719968
398082165
399777592
400001388
400010845
400288245
400765419
401886295
403291369
405021754
405098449
405761453
406122921
406322087
406600229
406604400
406972264
407334787
407439734
407994458
408007979
408492164
408540934
408594106
408936936
409597714
409700410
412620610
413074796
413135415
413240411
415811181
415878169
416160156
416487495
417071670
418367105
418452433
418814771
419253001
419390965
421052140
421334816
421883872
422344247
422412490
422911322
423571991
423897127
424464303
424574069
424852814
424910745
425119784
425525428
426130385
428089540
428747908
428954382
429345878
429367818
429812419
430211100
431093004
431466174
431474368
431648195
432358803
433365183
434506704
435230875
435615561
435782431
435802094
436757601
437186986
438032980
438255003
438295129
438832702
438889552
439115764
439193661
440199260
440344735
440401473
440817466
441162029
442489835
442951012
443454553
445002893
445390491
445540813
445639345
445734838
446218391
446673509
448912971
449439243
449514154
450465404
450702885
450745017
450884457
451410533
451421051
452842740
452888287
452954586
456945037
457141536
458895531
460301526
460516302
460752290
460777572
461577746
462138518
462402587
462848424
463637442
463647656
464845736
464873522
465073972
465731977
466235895
467042145
467346180
468375594
469192935
469233017
469976352
470199956
471058331
471312488
471508054
471615728
471630039
473000824
473517457
473694556
474329884
475574811
476275057
476566403
477272698
477614121
478077964
480375660
480619807
480837782
481082676
481341447
481536536
482873310
483723101
484363997
485047863
485631892
486113129
486683217
487811072
488356930
489380497
490226834
490889301
491073781
491288588
492423968
492547996
492848072
493857230
493946822
494139180
494551802
494554929
494581272
494673971
494992032
495155018
496474352
496915595
496986734
497297367
497404181
498174021
499158824
499439389
499994959
500030486
500290844
501500598
501542765
501738239
502015127
502020540
502393500
502897342
503180133
503461593
505361138
507858287
508174438
508365853
508686384
509774970
509971211
509987210
510173574
511364648
512813916
513129517
514117920
514348569
516243446
517120318
517472802
517879110
518083191
518837647
519275039
520757129
521517249
524221392
524775448
524922344
524977384
525612782
525917654
526323946
527518575
528915137
529741102
529782873
529823949
530491346
530776752
532328472
532474064
532790123
533248134
533592172
533946755
534919100
534940549
535559324
535997729
536030229
536596796
536807541
536815808
536897024
537146758
538585352
538607766
539202534
539540022
540428572
541110520
541210086
541347900
542667851
542928685
543491269
543649999
544983806
545082116
545223783
545279286
546990886
547410457
547840140
548044475
548189690
548331730
550371221
550546517
550769158
550999035
551061729
551122717
552195063
552238706
552439631
553751049
554083535
554243424
554283309
554341823
554417452
555320787
555772963
557938331
559643994
559762552
560604390
561554105
562261247
563393701
563580010
564065693
566259044
566381357
566385537
566526668
566785764
566976587
567129639
567417177
568992057
571711851
572198470
572677224
573628872
574468680
576324058
576911167
577350167
578042867
578238327
578336516
582941750
583516358
583922983
584579774
585169881
585273463
585861381
586290544
587591986
587980616
588813724
589277311
589820913
590056433
590340742
590909813
591175941
591378162
592457819
592805096
593181238
593443459
593973392
593996301
594263334
594717851
595717750
595736765
596468851
596648036
596678974
597158878
597858252
597867863
598518871
599344671
600182604
601251594
601356465
601820997
601996757
603260369
603893066
604681897
605997679
606203276
606808455
606961542
607289502
607654876
607661022
608464347
608747564
609623455
610982722
611565938
611576929
611647323
612321718
612387556
612720669
613856614
613942567
614401800
615185796
616278298
616560352
617097485
617352616
617643320
618810906
619299549
619390248
619885442
621974819
623550173
623856292
624449271
624654301
624849173
625755516
627320239
627936673
628309816
628391927
628668967
629514200
630177505
630497874
631228690
631470045
632180185
634234231
634452155
635167538
635297482
635313723
635726955
636635779
636985152
637096765
637248990
637571021
638329408
638333061
638637830
639048174
639142911
639160759
639163304
639246608
639456621
640036764
640061524
640469411
640554710
641542921
641631239
641857683
642405143
642786532
643878234
644722004
644964343
644973656
645057019
645085804
645384711
647047747
647317908
647621772
647798637
647800535
648207969
652783287
652935333
653258508
653423364
653520203
653560422
654723341
655198400
655378041
655393589
655900624
656401453
656756947
657164000
658376987
658466956
659366128
659922051
661088906
661388164
661431322
661837427
662579784
662777781
663430424
664069454
664273938
664594366
664658179
665564492
666125869
666462082
667530155
668648372
668850747
669218506
669710165
670214126
670527324
670527471
670726535
671216282
671845966
671974224
672447663
672492737
672567673
673964490
674398711
674530111
675880877
676726338
677052252
677347097
678477414
678500668
679447377
680752228
681070642
681807375
682599717
683064041
683581229
683962032
684333525
684743195
684757540
685372005
685850851
687010842
687039699
687476949
687720104
688286499
688366913
688542788
689155719
690486447
692312458
692563917
693075441
694810282
694842650
695054287
695717253
695976653
696171695
697359203
698212455
699214238
699235097
699543379
700895304
701094735
702306622
703905137
704302464
704435674
704554757
704818281
705023038
705465546
705623329
706279657
706646627
707616171
707974153
707984234
708592740
710306007
711703245
711864632
712885218
712983213
713064393
713339060
714441880
715168068
715171165
716549449
716721588
718859759
719099788
719143870
719412420
720703282
721063434
721231772
721760295
721808670
721870316
722537262
722670765
723130856
723191027
723329234
723539869
723950520
724591793
725416059
726857689
727016893
727649412
728110080
728219527
729106128
729206650
733584239
733849771
734319723
734553516
734931730
736443438
736946606
737971229
738975751
739274671
739447894
739937072
740202800
740641518
741017453
741170399
742427783
742595841
742768595
743154715
744133305
744331096
745654372
745811608
745983218
746227047
747366743
747432831
747712937
747720323
747805343
748013247
748527447
749727487
749843783
749850336
750421979
752371845
752404707
753851180
754042532
754260459
754863491
755207458
755865948
755914836
756164867
756603408
757342361
758391674
758581428
758763018
758846564
759554113
759634771
759804319
760391291
760416171
760604910
761162929
761734052
762181320
763497712
763736660
764470715
764620919
765266825
765362219
765788553
766513669
766575241
766762787
767143166
767516094
767891483
767989686
768067091
768388552
768431080
769722361
770060210
770072354
770188396
770962972
771324470
773076504
773381991
774252697
774253950
774454004
774891932
776504214
777079744
778226186
778900729
779740845
779849838
781178797
781414196
781719832
782184791
783235672
783309258
783440502
783592782
783597701
783815874
784507665
784518761
785303563
785693734
785897656
786913165
786974002
787614979
787820746
788425202
790228840
790235073
791370610
793388097
793898485
794806016
794985082
795046065
795519999
795793204
796137922
796371641
796381438
796389312
797184059
799177386
800238775
801255281
801657433
802049673
802051505
802530260
803125432
803367665
803419731
803521983
803524905
803566389
804185171
804421721
804547348
804629191
806261533
808076715
808212523
808466249
809144021
810517888
811364545
811366463
811403583
811816366
813213626
813282597
813819851
814351711
814644150
815471958
815692408
815884045
816139378
817816429
817889657
818264542
818329716
819197966
819246114
819643363
820816321
820917793
822205566
822228138
822424260
822580589
823142246
824658331
825703945
826678306
828130172
828606630
828830852
829386416
829542476
829983592
830841458
832237811
833238481
834473270
834722532
835407649
836042151
836114509
836122040
837241997
837288243
837422057
838413339
838433901
838641864
838672112
839048616
840147861
841170957
843042757
843568550
844552918
844794984
844849643
844914587
844965951
845483384
847534391
847899763
848950358
850079066
850347090
850437905
850476258
850522033
850717008
851338800
851580907
851785273
852874338
853062931
853599477
853748126
854755146
856208320
856268709
856908581
857044470
859084271
859402149
860525164
861189475
862029619
862633399
862654899
863199606
863993328
863998291
864611265
865854839
866049039
866233812
866675408
866858487
866976786
867429578
867787944
867879442
870404795
870638414
870644775
871435772
871556900
872093923
872351443
872610609
874131958
874595090
875401277
876827533
877583007
877923335
878361103
878375736
878539778
879434242
879489600
880203678
880232072
880512745
881163366
882978372
883035673
883109267
883798053
884790699
885554736
886280163
886419429
886848129
886935286
887247430
888045881
888063343
888456939
889618893
889695138
889811897
890207324
890508851
890630495
891704212
892352166
894168625
895283512
896371691
896784309
897144298
899711551
900548118
901124214
901384563
902175421
903397192
903610338
905216986
905274224
905670165
905711446
906152437
906233205
906768550
906875550
907283241
908233581
908976449
909173769
910154405
912346771
913277890
913503014
913768012
915063313
916095704
916154564
916200242
916211339
917133527
918164241
918634134
919156954
919432303
919713950
921058682
921272137
922351118
922478004
922504077
922608307
922631907
923288150
923897462
923923061
924202979
924564852
924679339
924898994
925032819
925812481
927410922
927925897
928138813
928839796
929748057
930402908
931636904
931744573
931945125
932041360
933330493
933562235
933941596
933957857
934561279
935192030
935620780
935801683
936365101
936428290
936428349
936482263
937300758
938393475
939888181
940587843
941019233
941742639
942162523
942809106
942964336
943253404
943668477
944072684
945083947
945290131
945595935
945619271
945707624
946359204
946563144
946752662
946762965
947082170
947976505
948807717
949322819
949959301
950002422
952560671
952835970
953383689
953588807
953844426
954340224
954405170
954726437
956498661
957334277
957425618
957990501
959301677
959337210
959503636
959698194
960303300
960469015
960469912
960541539
960969949
961214367
961558286
962820053
964217104
964400214
964454428
965925761
966075469
967127941
967394942
967490259
967584185
967865629
968012450
968525865
968986439
969237562
969553988
970387781
971360528
971631097
971809519
973564633
974287687
974608020
975807809
976459524
977079638
977711604
977868631
978292006
978399642
978456258
979152882
979278581
979499159
980231962
980638263
980672425
981369343
981923057
982095995
982266936
982635053
982963938
983527230
983652858
983784506
984813086
985119562
986598546
987112775
987130180
987866399
987973773
988013660
988498523
989285897
989943089
990807897
991313029
991791765
992422454
992530064
993549660
994049544
994655079
995142008
996845633
997677066
997726727
998090601
998216322
998301443
999318921
999421008
999831031
999980128
1000649586
1000807304
1001593892
1001645131
1003070974
1003316272
1004930745
1005242837
1005548133
1008477284
1008630517
1010450043
1010639471
1010769146
1010936143
1010960417
1011380574
1012366628
1013037249
1013046738
1013472058
1014061334
1014242788
1014287287
1015657914
1016161662
1016915585
1017044309
1017357535
1017686534
1017991978
1018670003
1018861598
1018887344
1019161398
1019543443
1020681641
1021010983
1021783622
1022280026
1022411097
1022684306
1023164721
1023165363
1024211864
1024382142
1024430740
1025076362
1025223244
1025558710
1025717339
1026698495
1026881423
1027137351
1027229141
1028018068
1028281509
1028530343
1030230537
1031663294
1031890065
1032018113
1032095421
1032630594
1032712258
1033047908
1033903265
1034388013
1034604903
1034916896
1035128737
1035210049
1035512831
1035666596
1037219686
1037696323
1038765251
1039046551
1039135285
1039835075
1040001951
1040177208
1040243126
1040461667
1041140047
1041262936
1041857668
1042284492
1042343401
1043860433
1044736496
1048029819
1048189987
1048353372
1048372286
1048801217
1049182397
1049639709
1051007581
1051035084
1052938171
1053271894
1055208331
1055369838
1055380597
1055555925
1055678217
1055828687
1055849393
1055875746
1056058154
1056618657
1057549590
1057748503
1058613455
1059039271
1060772548
1061104252
1061156730
1061176582
1061418933
1061454770
1061861102
1062268157
1062438531
1063167129
1063266783
1066046404
1066523826
1068565628
1069100288
1069100618
1069458672
1069459163
1069459382
1069698324
1070139757
1070164225
1070864371
1071667831
1072195254
1072798411
1073159197
1073273628
1074198828
1074342788
1074557739
1075106889
1075238847
1076661688
1077337558
1077667479
1077788002
1077970361
1078053166
1078294870
1078764370
1079358536
1080374419
1080936755
1082434265
1083809926
1084268727
1084270282
1084703385
1084940938
1085075667
1085170051
1085247008
1086235449
1087701602
1087788075
1087845105
1087985209
1088399393
1088886069
1089574025
1089615109
1090799140
1090995505
1091559560
1092965890
1093704406
1093732933
1094977584
1095576234
1097527005
1097787756
1098404703
1098484114
1100953191
1101043301
1102175519
1103120667
1103763832
1104415023
1104816641
1105655106
1105752295
1106147897
1106415753
1107082949
1109337231
1109343836
1110576745
1110648960
1111139965
1111626510
1111945033
1112316382
1112399451
1112649264
1113801033
1114211060
1114981754
1115201952
1115610629
1115891045
1116450914
1116781890
1116911090
1117581933
1117884257
1119769525
1119796675
1120814857
1121985006
1122091906
1122842095
1124559002
1124897638
1126015255
1126053230
1127250835
1127660081
1127872297
1128521856
1129106088
1129707629
1129987429
1130323049
1130888086
1131002986
1131527792
1134405679
1134923796
1135106821
1135536534
1135965373
1135991560
1137232626
1137816593
1137898926
1138475093
1139031559
1139223513
1139496496
1139828041
1140366341
1140671448
1140833905
1141321529
1141439470
1141619471
1141927407
1142164709
1142585555
1142964252
1144372092
1145616854
1145823595
1145860728
1145937542
1146312211
1146368276
1146559918
1147499867
1147965279
1148079836
1149184258
1149339126
1149901073
1149913393
1150961131
1151905074
1153030946
1154146537
1154854518
1155850712
1156086427
1156353181
1156929792
1157803306
1158257059
1158414091
1158979966
1160194813
1160459101
1160541698
1160783972
1161218852
1162356274
1162488090
1163814318
1163842779
1164121956
1164343746
1165181658
1165223653
1165735717
1166261393
1166403531
1166565682
1167139831
1167913355
1168174592
1170108087
1170988237
1171225641
1171695859
1172567956
1172637330
1172641229
1173223946
1174935404
1175137510
1175391963
1175540016
1176514125
1177593735
1177982696
1179243070
1179340408
1179689581
1180321369
1181803053
1183169448
1183616151
1183708250
1184652379
1184911994
1185060498
1185214708
1187064968
1187197363
1187416539
1187513464
1188259243
1189082042
1191333920
1191842089
1192349579
1192782795
1192895643
1194117059
1194837383
1194881044
1195093026
1195154888
1195312120
1195477758
1195613547
1196164510
1196290752
1197206436
1197703226
1199326980
1199856430
1199968513
1201435613
1201496430
1202388394
1204018234
1205158639
1205940376
1206336827
1206376247
1207144780
1207590297
1208050932
1208246607
1208766441
1209465885
1209785230
1210181499
1210439698
1210463137
1211201681
1211274169
1211558703
1211579276
1211878937
1211987290
1212580698
1213034404
1213184310
1214023096
1215335549
1215391843
1216812013
1216934379
1216987438
1217085658
1217228758
1217386244
1218163434
1218223361
1218668556
1219470448
1219583825
1219931608
1220010171
1220022757
1220495215
1221038390
1221226381
1221549371
1221896811
1222366948
1222484275
1223330704
1224849921
1224909511
1224955582
1225082193
1225414108
1225434604
1225528377
1225982750
1226092022
1226123208
1226477752
1226973486
1228847167
1229426514
1230619800
1232315727
1232647380
1232717037
1233066421
1233417419
1234185520
1234419920
1234561684
1234709914
1235073288
1235408928
1235474206
1236308249
1236664003
1237146753
1237530242
1237799327
1239720824
1239832486
1240139918
1240273105
1240376566
1240582448
1240996547
1242492607
1242688146
1242723981
1244431574
1244751943
1245039697
1245716983
1246389843
1248550847
1250192380
1251133543
1251502122
1251633347
1251902497
1251936489
1252207133
1253085617
1253481137
1253520176
1254213332
1254318304
1255258106
1255747128
1257210144
1258126243
1258206227
1258322589
1258562895
1258821164
1259313425
1259328911
1260239373
1261880916
1262322618
1264067348
1264331105
1264536197
1264582519
1265570615
1265782577
1266202033
1266838715
1267837739
1267859647
1268110430
1270077707
1270594776
1271088530
1271154511
1271685323
1272592398
1272916631
1273671682
1274184869
1274491432
1274846650
1275451477
1276483079
1276790802
1276921516
1278823770
1279291047
1280211836
1280228081
1280420161
1281306538
1281809694
1282140662
1282346518
1283895427
1283963215
1284211189
1285384832
1286395126
1286654003
1286873976
1286952758
1287832980
1288100688
1288112046
1288518838
1289165425
1289684302
1290018243
1290696651
1291932745
1292060848
1292654435
1292933279
1292985285
1293010149
1294356443
1294903773
1295298030
1295450124
1295649006
1295728542
1296280811
1296596777
1296834949
1297145075
1297293969
1297566870
1298807359
1300067743
1300799722
1300906138
1301143025
1301211213
1301953102
1302668019
1302742941
1303138783
1303293158
1303398152
1304960766
1304995481
1305158102
1306128463
1306541344
1307025770
1308399404
1308632766
1309138549
1309533153
1310059954
1310834592
1311515305
1311539391
1311728432
1311756161
1312173659
1312517786
1312945629
1312989193
1313420151
1313827384
1314882925
1315787026
1316204966
1317870847
1318599248
1318960586
1319646337
1320656055
1323218722
1323320556
1323853139
1323860055
1324533345
1324542961
1325365363
1326263448
1326445056
1326596731
1326772947
1327185045
1327948693
1329097640
1330209382
1330660058
1330963496
1331946269
1332330916
1332593285
1332785502
1333354400
1333622062
1334421699
1334448931
1335187192
1335785378
1336254539
1336938414
1337393796
1338057278
1338142580
1339131153
1339952140
1340512363
1340935319
1341324738
1341713053
1343504337
1343796646
1344122556
1344354006
1344632287
1345324783
1346622064
1347199651
1348251578
1348659970
1348676323
1349548159
1349589925
1350092898
1350496504
1350921843
1351731273
1352209532
1352878151
1354928407
1354978210
1355429677
1356145820
1356417296
1356518105
1356706135
1357140244
1357467255
1357470974
1357675556
1358323725
1358410463
1359083869
1359287685
1359502008
1359622707
1359770717
1360559941
1361338616
1361584090
1362085980
1362172951
1362353276
1362502817
1362592886
1363294502
1363584101
1364629889
1364741461
1364965743
1365794915
1366000995
1366597039
1366999021
1368635506
1368731913
1368774237
1369907235
1370494432
1370565834
1371065150
1371402003
1372147554
1372441016
1373363016
1374795942
1375147736
1375329568
1376112925
1376696884
1377082134
1377673280
1378090986
1378353552
1378671124
1379974897
1380185657
1380326129
1380798960
1381041181
1381347560
1383354492
1383500865
1383509984
1383700451
1383772229
1384087839
1384873065
1385306950
1387531060
1387678056
1388447144
1388676640
1389137528
1389408436
1390431533
1392665445
1394160287
1394726948
1394787803
1395810968
1395940360
1397615497
1398063598
1398414257
1399022166
1399132930
1400249480
1401159250
1401933696
1402241488
1402645836
1402681137
1403015752
1403686034
1404382529
1405111596
1405183410
1406274273
1406669742
1406712683
1406869635
1407465909
1407577619
1410248740
1410556929
1411189353
1411579246
1411698351
1412527876
1412800971
1412894558
1413695027
1414014258
1415288827
1416910111
1417007621
1418045764
1418367848
1418501007
1419351705
1420082335
1422757080
1423019775
1423760548
1425004719
1425118097
1425898473
1425994932
1426712494
1427971452
1428351692
1429671205
1430727705
1430791303
1431198531
1431566170
1431677482
1433568858
1433777764
1434007960
1434633943
1435389215
1435599669
1435634549
1438441330
1438746655
1439069579
1441948709
1442521851
1442581888
1443188340
1443305333
1443373671
1444997389
1445084197
1445227957
1445269244
1446144864
1446782541
1446924624
1447237107
1447569147
1447592559
1448202216
1448591888
1448667499
1448962252
1449206039
1449292263
1449620974
1449623059
1450389414
1450777836
1450949922
1451567366
1452094077
1452654836
1453063079
1453069239
1453297377
1453864949
1454289864
1454918984
1455065860
1455315695
1455672211
1456081080
1456469273
1456689418
1456908134
1457155664
1457967182
1458844112
1458877042
1459413994
1461362127
1461762737
1461965282
1462071541
1462934777
1463284777
1463950816
1464138156
1464159319
1464608965
1464982663
1465973739
1466127013
1466146916
1466424597
1466475120
1466814934
1466963689
1468248854
1468405120
1469206994
1469301674
1470045177
1470049831
1470262218
1470670103
1471594272
1471976406
1472007838
1472410069
1472735781
1473265520
1473832474
1475063141
1475075853
1475239217
1475312234
1475726703
1475928764
1476075473
1476463188
1476882260
1480460929
1480960935
1483128881
1483170388
1483739962
1483748338
1484173891
1484180899
1484596237
1484837946
1485195974
1485709537
1485838910
1485934121
1487135869
1487999700
1488136300
1488369514
1488898808
1489451986
1489730990
1489742573
1489754390
1490986029
1491250726
1492793507
1493269554
1493311789
1494010965
1494170876
1494379765
1494449505
1495089972
1495500800
1495525799
1495595214
1496933113
1497166540
1497673659
1497675907
1498325141
1498487420
1498563845
1499935431
1500293439
1501224997
1501276592
1502668970
1503583603
1504983243
1505025063
1505441427
1505919431
1506469973
1506853156
1507421789
1509014000
1509526227
1509569680
1512460478
1512835535
1513159246
1513329643
1513665925
1514190796
1514563536
1514941457
1515499922
1516062560
1517794405
1517931895
1518078020
1518369000
1519898281
1520190718
1521373294
1521434139
1521482161
1521609108
1522718189
1523067124
1523266645
1523663830
1525601970
1527452645
1527613790
1527694736
1529492134
1530064940
1530076555
1530547325
1530665121
1531268510
1531979544
1532156720
1532819026
1533077444
1533417482
1533674745
1533691986
1533948171
1534183075
1535011340
1535863450
1535876270
1536606184
1538443130
1539353229
1540364696
1540702325
1541157503
1541381122
1541967262
1543778725
1544141593
1544343151
1544583064
1544883136
1546864943
1547143189
1547411075
1547661377
1548418209
1548626108
1549084339
1549672055
1549824693
1551014630
1551407167
1553630633
1553773402
1554477004
1554978987
1555501508
1555818543
1556550313
1557912740
1558209557
1558671103
1559852467
1560142556
1561546659
1562290013
1562387094
1562860296
1563254072
1564468989
1564486577
1564541169
1564693467
1565865691
1566405715
1566441856
1566546549
1566650127
1567372520
1567816883
1567906198
1567989405
1570052706
1570083447
1570396101
1570798026
1571182799
1571279450
1572025705
1572085751
1572434199
1575510514
1575903979
1577084328
1577576182
1578276574
1578948186
1580387101
1580496711
1580774388
1581822369
1582448099
1583267932
1584285547
1584627831
1584663122
1584793714
1585108019
1586409750
1586626296
1587056874
1587639323
1588588167
1589293651
1589392390
1589857200
1590328968
1590418221
1592607566
1593594151
1593615046
1595022208
1595733823
1595828025
1595967018
1596161259
1598865764
1600156823
1600182443
1600844100
1600856998
1601239713
1602330464
1602800141
1604205279
1604553097
1604717487
1606403426
1606879412
1607264598
1607409511
1608333438
1608951960
1609327669
1609707755
1610421093
1610764503
1611622119
1611950490
1612569492
1612621922
1612640762
1612736270
1613054896
1613171787
1613699005
1613926733
1614898827
1615400249
1616372618
1616936901
1618108908
1618216117
1618739948
1619273520
1620635916
1620919406
1622151862
1623950050
1624031060
1624429399
1624699790
1625301208
1625421165
1625797715
1625913188
1627159057
1627552425
1627637236
1628222350
1628368966
1628619353
1628651686
1629389553
1630254295
1631010056
1632811539
1633462686
1633529762
1633819618
1634453640
1634480763
1634737644
1634754599
1634872397
1635626306
1636241759
1636255571
1637812345
1638067833
1638687303
1638773200
1638801225
1639877263
1640654704
1641124907
1641882676
1642397074
1642738026
1642796182
1643110223
1643491788
1643643143
1643715566
1644558143
1645116902
1646356961
1646717280
1647203837
1647925730
1648372802
1648678341
1651719465
1651784524
1651893664
1653215696
1653619973
1653858023
1653984028
1654225501
1654239065
1654495080
1654659014
1655085137
1655742969
1655814951
1656658934
1658103307
1658783936
1658993106
1659230041
1662043847
1662588989
1663431870
1663749879
1663750885
1664394211
1664928255
1665362135
1665589900
1665750786
1666140100
1667153629
1667188166
1667262211
1668534076
1668664014
1668902831
1671040864
1671976380
1672653082
1673227668
1673981863
1673984900
1674037621
1674577146
1674869005
1674978754
1675512760
1676066202
1677276882
1677859556
1678550632
1680630384
1681865899
1682387457
1684074098
1684652078
1684687307
1685488658
1686820902
1686982926
1687946992
1688136753
1688361585
1688497577
1688547405
1689146450
1690657323
1691140405
1692432651
1692490198
1693140455
1694068707
1694348642
1694493782
1695069862
1696096743
1696545965
1696844416
1697388013
1697496477
1698426968
1698808725
1699625757
1701009416
1702227801
1703497880
1703912525
1704745683
1705284072
1705331861
1705457964
1705665543
1705678945
1707074789
1707309539
1707657310
1707704464
1709238026
1709672141
1709683892
1710180392
1710511459
1710673471
1711395292
1711485454
1713440150
1714769342
1715128568
1716032576
1716055145
1716147935
1716206308
1716573881
1716576827
1716885351
1717155509
1718164902
1719010485
1719746271
1720727453
1721396828
1721894643
1723519113
1724416659
1724535277
1724915737
1725260064
1725283956
1725295571
1726201831
1726862011
1727117888
1727426595
1727506828
1728319498
1728674483
1728819049
1729304633
1730323848
1731510499
1732054493
1732363938
1732782048
1733061956
1733234007
1733267080
1733752550
1733772352
1734556643
1735772797
1735792624
1736029218
1736645365
1737055754
1737796480
1738395640
1738752583
1738838120
1739854609
1741025303
1741053242
1741173859
1742320687
1743240717
1743709175
1743980715
1744869496
1745815162
1745852889
1746467192
1746942101
1747124264
1747144808
1747577064
1747681725
1748087534
1748258053
1748615910
1750050148
1750180120
1750244634
1750704986
1751742375
1752983101
1753800809
1754128423
1754290516
1754299684
1754621525
1755356941
1756225684
1757681933
1758365686
1758448634
1758584501
1759424052
1759506324
1760995340
1761727889
1761857577
1762295789
1763978626
1764243065
1765406146
1765928862
1766340821
1766434645
1766719315
1766811371
1766943391
1767245641
1767859083
1767997736
1768333423
1768360562
1768550522
1769081587
1769393792
1769624950
1769739875
1770401224
1772195813
1772364726
1772995879
1773156529
1773795661
1774187449
1774373119
1774782534
1775800657
1776070226
1776218346
1776555691
1778360290
1778584648
1779995690
1780296875
1780678689
1781099104
1781548307
1781793028
1781838122
1784070946
1784467266
1784979669
1785302552
1786070079
1786507567
1786719943
1788322040
1789959505
1790034395
1791144929
1791532312
1792373116
1792818814
1793074804
1793301153
1794350374
1794941508
1796723704
1798081724
1798423945
1798501010
1798712358
1802080486
1803488246
1803762357
1804235300
1804457281
1805172748
1805424416
1806992945
1807358584
1807403629
1807938284
1808940164
1810699887
1811915732
1812093952
1813143127
1813430270
1814634213
1814691966
1815326115
1815509997
1816448222
1816561997
1816862188
1817290660
1817712482
1819726288
1820838513
1820939149
1821123021
1821572584
1821597691
1821603450
1821630037
1821735110
1822514431
1822821891
1822998536
1823308493
1823488375
1823520313
1823865026
1824435658
1824489044
1824585582
1825240129
1826118514
1826136624
1826964641
1827135999
1827199410
1827746986
1829044000
1829776907
1830454067
1830907988
1831665303
1831979653
1832117880
1832241756
1832585811
1832617489
1832646563
1832710193
1832974712
1833176056
1834745580
1835105275
1835686382
1835802847
1836640319
1838240595
1838429948
1838577691
1839518878
1840064892
1840164798
1840286996
1840339528
1841555769
1841721730
1841778059
1841849626
1842806621
1842874816
1843201323
1843841720
1844598944
1844959290
1845022417
1845753692
1846194076
1846273626
1847247935
1847266756
1848346602
1849157797
1852271108
1852392706
1852498551
1853356494
1853479722
1853514580
1853783516
1854441215
1854614940
1854903934
1855055854
1856865764
1857873889
1857956782
1858876597
1858970069
1859310555
1859769866
1860499194
1861300706
1861360096
1861615189
1861955552
1862376824
1862581565
1863215313
1863722613
1863856667
1864472375
1866694620
1867149925
1867170464
1867443525
1867791799
1868682078
1869822037
1869907905
1870624819
1871165553
1871847217
1872187458
1873713744
1874746381
1875675205
1876760797
1876803387
1877598304
1877943590
1878048224
1878422240
1878546905
1879007969
1879618310
1880129322
1880511164
1881240515
1881381805
1881547964
1881758122
1882558303
1884614169
1884855090
1884889506
1885661105
1886014872
1886152885
1886576454
1887032547
1887250129
1887856576
1888134865
1888223985
1888348672
1888506714
1888857978
1889238049
1889358727
1889778154
1889816793
1890529081
1890851266
1891664782
1892182084
1892326174
1893628938
1895190735
1896299960
1896746717
1897707658
1897839263
1897976234
1900101336
1900521197
1900644377
1900662217
1901917683
1902164211
1902886103
1903139304
1903299579
1904498092
1905787548
1906215823
1906547749
1906584290
1907029141
1907820659
1907861145
1908270281
1908346921
1908744329
1909102623
1909795565
1910343390
1910445401
1910629629
1910689326
1910819418
1911378842
1911976720
1912030050
1913750446
1914628276
1914955722
1915238723
1916348794
1916437406
1917394790
1919909575
1919928863
1920577192
1920581315
1921159626
1921362950
1921511332
1921882748
1922905978
1923758028
1924296432
1924915058
1924936732
1925153288
1925412665
1926412057
1927057912
1928808598
1929162142
1931871856
1932614985
1933660709
1933734489
1933812561
1934095931
1935092574
1935251877
1936456052
1937492571
1937498036
1937985178
1939157246
1939345690
1939386378
1939731697
1939869920
1940926207
1940991361
1941140146
1941594346
1941755899
1941848067
1942010086
1942371969
1942396296
1944124384
1945390349
1946538402
1947108274
1947582743
1949510614
1949542866
1949681895
1952047739
1952197843
1952221027
1952639091
1952944912
1953171650
1953939825
1954130969
1954297021
1954568505
1954728726
1956377675
1957718135
1959132708
1959547684
1959790777
1960282678
1961148631
1961452455
1961490803
1961517157
1961630111
1961870665
1962112916
1962352107
1962569717
1963050744
1963177997
1963179445
1963287564
1963613647
1963969583
1964325923
1964551776
1964580047
1964701389
1965308707
1965341592
1966177402
1966353722
1966732259
1967566254
1968729880
1969088654
1969202716
1969484683
1970302082
1970624994
1971081696
1971095309
1971180527
1972059814
1972288809
1972467171
1973760556
1974295038
1974761151
1975160475
1975360631
1975921577
1976465426
1977254655
1977486900
1977577984
1977782353
1979143703
1979596788
1980041819
1981075012
1981477990
1982296869
1982941130
1984162499
1986247890
1986292093
1986320339
1986559004
1986731294
1987499512
1987675083
1987724195
1988178423
1988702605
1989702203
1991249576
1991430642
1992483562
1993257731
1993440510
1993564172
1994356978
1994395802
1994604836
1994676058
1997072915
1998484948
1999249578
1999357270
1999401724
1999788146
2000005900
2000381340
2000393497
2003285981
2004152202
2004447516
2004634573
2005112504
2005465719
2006019551
2006387428
2006746253
2006856019
2007168845
2007186873
2007592108
2008479257
2009001675
2009136507
2011007700
2011941481
2011949456
2012982684
2013035897
2013971785
2015905853
2016789690
2017659208
2017719468
2017727798
2018382800
2018494392
2019171937
2019211600
2019492251
2019730804
2021080393
2021957511
2022028795
2022097557
2023395398
2023940426
2024081958
2024370598
2025434073
2025592335
2025698813
2027078518
2027402820
2028054444
2028479995
2030231273
2031196440
2031447050
2031931155
2032474161
2035171849
2035344235
2037367747
2037386071
2038132713
2038212466
2038713629
2038996155
2039141157
2041926973
2042626802
2042690320
2042748746
2042798527
2043637992
2043770665
2044085816
2045648934
2046594065
2046899083
2047511425
2047662419
2047720224
2048062940
2048292069
2048349459
2048937737
2049380932
2049686303
2049960760
2050708995
2050861276
2050954863
2051509249
2053709063
2053813573
2054685377
2054820545
2054871271
2054976923
2055789438
2055841679
2055849131
2056389063
2057445698
2057799687
2057880900
2059416957
2059720680
2061439289
2061636036
2062252540
2063568039
2064231261
2064448827
2064968801
2065247070
2066134774
2066291178
2066309849
2066857356
2067422534
2068066529
2068158109
2068570561
2069073185
2070281219
2070451246
2070955581
2071119792
2071471120
2071796201
2072693168
2073012209
2073185314
2073387358
2074089008
2074267384
2075704467
2075720431
2076992245
2077014851
2077552272
2077584414
2077596170
2078186718
2079076780
2079084112
2079741563
2080389321
2082798709
2085179044
2085252188
2086480541
2086513640
2086868358
2086938000
2086944109
2087222417
2088015611
2088578641
2088851569
2089654450
2090115705
2090317284
2090947351
2090996564
2091257381
2091618866
2092167252
2092599513
2093924467
2094188560
2094263040
2094539026
2095593322
2095819549
2096083959
2096833861
2097227136
2097837068
2097868747
2097981850
2098118206
2098368027
2098395506
2099285043
2099669204
2099718899
2099847195
2100009635
2100229826
2100275890
2100338473
2100576491
2100918483
2101923837
2102035089
2102551359
2103042051
2103232538
2103395389
2103422695
2104353357
2104896821
2104901677
2106024790
2106487713
2106653419
2106689317
2107466150
2108014690
2108313867
2109152455
2110479971
2111254566
2111502611
2112195221
2112971337
2113099098
2114508032
2114862553
2115385386
2115904159
2116202784
2116614015
2116689403
2117571315
2117610225
2118211076
2118293786
2118772817
2119116796
2119211332
2119320618
2119602891
2119652323
2119960747
2120160118
2121497868
2121540134
2122459278
2122785181
2122891249
2122924698
2123626813
2124776013
2125227062
2125628243
2126196617
2126872856
2127509575
2127509757
2128087885
2128583811
2128753755
2129054428
2129073213
2129825123
2130010240
2130460176
2130516497
2131300900
2131690438
2131826701
2132736984
2133737986
2134403977
2134923525
2135876643
2137349519
2137795858
2137829307
2138842712
2138947377
2140672843
2141999845
2144076689
2144189085
2144661817
2145078185
2145220488
2145287421
2145885790
2145977530
2147299420
