59338
866629
1130983
1681432
1870292
4867442
5302875
5568177
5832485
5942319
6104735
7080888
7393614
9326904
10948223
13272769
14038264
16534492
16852528
17812558
17917300
18080787
19675691
20805273
21949843
22327493
22469035
22970810
23689259
23756854
24004858
24468162
24543198
25019682
26379093
26818635
28173104
28511921
29675505
29995812
30397851
30533818
31462761
32017524
32956574
33227297
33234140
33743624
33854028
34001433
34088154
37807406
38106589
38313037
38782148
38920839
43346643
43570034
43665130
43949805
44119512
44661199
44902590
45022858
45362203
45518552
45518892
47058011
47705279
48905892
49169883
49317195
50188628
50466288
50639491
51870061
53588013
53828576
54218847
54743565
55324500
55444389
56942225
58576675
58759460
59300851
60333782
61210703
61793850
61840626
62895923
62974081
65388974
65483791
66344287
66409612
67451302
67630736
67948721
68765242
68992886
69081214
69131181
69680444
70002342
71185796
72353736
72927785
74548430
75588617
77020203
77586237
77714375
77778176
79185425
79547189
79791967
80233197
80336851
80645646
83342652
83504762
84002012
84318449
84640705
84975104
86024741
86196569
88816469
89332764
90187194
90897513
92071631
92074047
93198149
93420544
93495708
94301070
94514215
94571592
94584315
95192888
96173315
96467028
97333544
98686268
98791696
99406427
101513462
101923648
102257283
103053962
103963419
104170482
104259121
104541438
105078261
105168504
106111659
106497468
106690521
107033072
107212180
107294103
107429997
108590718
108621880
109333678
109815034
110090995
111115306
111137084
111281272
111288308
111935902
112114060
113865083
114284649
114312161
114537695
114583797
115299004
115848525
117078787
117629370
117862583
118001622
118133639
118187184
118279958
118634783
118723770
118838862
120087966
120226681
120250565
121309095
121447583
121513011
121719793
123615437
123742475
123797410
124897209
126060091
126264301
126354974
126645447
127230332
127351450
128265173
129282149
129541185
129580935
129793842
130405006
130579154
130916437
131051198
131582925
131966106
132185562
132416620
132942089
133236313
134173790
134357165
134707460
135074530
135388749
135897346
137642601
137845639
138289128
139940250
140500381
141895562
141981460
143366416
144559561
144980059
145107646
146257829
146916575
146937767
147026945
147715230
148218489
149609595
150746674
151142421
151706946
152920154
153150622
153507631
153533460
153964754
155406226
155411124
155899283
156378456
157314698
158321648
159363041
159902442
160099662
161275403
161280127
161481278
161527249
161566582
161678212
161718282
161975653
162097607
162116743
162267687
162738492
162982741
164547106
164842240
166303468
166346461
167338165
168175548
168375667
168900456
169875380
171221413
172148692
173212511
173241318
173326043
174946063
174964297
175998416
176649022
178509766
178867783
179983861
180135137
180286641
180532416
180896692
181064837
181531486
181602842
182130421
182334619
182642926
182678084
184087045
184862483
185340953
185343410
185933198
187079970
187472082
187571312
188194111
188776495
189030450
189989876
190021612
190105799
190415398
190502939
191236858
192687896
193190871
194578434
194653548
194841441
195003344
195267537
197150298
197659737
197664149
198300615
198349903
198656397
199459709
199468654
199583243
201170644
202303173
202311949
203265800
204008782
204054632
205680313
205787695
205974652
207049407
207080915
207361535
207407346
207582030
208288549
208294860
208720825
208868562
209317683
209446302
211238619
211305182
211698228
212815834
213573111
213709784
214220641
216088464
216218126
216447824
216570901
216907171
217304636
217536183
218929936
219063043
219610052
219746723
220974832
221193948
223539036
224025761
224028897
224142454
224994317
225182889
225785226
226975449
227236176
227514171
227934971
228282119
228633885
230652374
230658213
231137363
231225826
231339155
231475926
231482895
231664444
231917668
232016141
232695858
233887028
234418317
234919474
235259980
235613983
236185546
236383433
236552049
236693623
237664847
238407010
238528239
238742876
240821262
241952963
242398497
242578975
243548830
244242382
245240244
245358626
245507890
245599832
246041152
246459363
247578816
248090439
250061016
250490149
250793996
251175296
252238171
252746414
252887366
252936376
253396373
253466479
253919320
254591484
255010770
255289053
255373077
255784042
257521556
258359692
258480361
260786190
261461076
261855675
262385617
262786177
263860339
265193200
265295997
265762523
266449839
266480120
266496039
266751335
266991850
267132897
267459977
268438610
268851541
270542291
270738066
271149851
271619032
271655193
272987470
273878924
274210083
274605480
275282836
275736463
276697487
278460437
278879837
279579452
280301970
281055245
281564564
282595846
283489247
284520083
285347053
286084493
286098777
286171106
287682667
289618397
290089380
290650528
291342024
292662882
292776183
293673047
293903845
295786203
296586782
297153279
297405454
297674244
298007947
298450091
299851559
300644580
300994647
301537034
303136351
303524259
303657234
304360938
305134516
305389456
306406495
307420186
310022047
310366532
311067166
311523269
311664722
311676006
311774216
312248663
312848073
312994739
313584445
313599619
313973173
314482409
314960376
315233974
315279302
315464538
315570858
315597159
316108139
316695213
317044172
318332089
318774739
320491226
320858553
321746076
322423720
322425136
323456275
324054144
324401999
324770507
324899403
324930111
325245280
327176226
328482704
328650500
329138267
330020743
331358409
331475186
331482785
332638611
332969934
335171976
335515476
336005721
336249706
336667573
337009068
338801172
339458717
340631110
340915680
341612727
341964603
341970144
343338548
344083336
344180485
344606828
344723012
344898862
346600039
346947843
347318098
348284746
348751840
349172895
349256733
349341397
349950653
350136902
350599838
351298137
351495979
351889577
353015641
354730767
354870880
355086590
356062296
357664791
358350080
358357127
358381993
358432573
358705215
358744435
358956370
359021059
359693514
359709984
359826280
359906022
359955254
360090907
361028101
361072949
361334332
362230353
362237427
362316522
362640933
364056971
365426705
366245519
367437407
368967616
369724204
369924441
370189671
370301329
371520878
372527049
372596439
372745959
373353171
373408723
373492628
373848821
374069730
374491194
375761489
375805583
377234074
377433591
378125858
378341288
378440275
378517568
378522232
378881257
378977878
379128997
379432521
380259568
380355489
380776358
382440782
382772713
382817326
383507638
383837976
385319644
385324107
386242834
386472008
387819596
387892493
388540534
388938832
389121926
389553218
391654774
392738894
393686021
393854096
394465410
395613132
396113440
397069028
397140000
397393322
397712795
398694225
398966059
399049094
399553827
400661588
401160069
401721432
402161380
403929568
404345865
404849138
405284442
405766793
406078966
406545542
406885246
407545925
407580783
407889264
408284733
408517915
409664276
409912979
410717930
411267571
411674415
411721434
412316402
412324920
412354196
412594778
412991958
413321950
414986589
415259525
415892304
416151096
416734883
417133599
417203948
417432856
417907878
419022526
419043611
419441323
420746850
421706140
422588181
423346109
424222276
424552265
425465088
425498083
426432696
428302384
429198992
429543651
430505170
430726683
431062650
431064553
431852046
432054637
432115309
432555469
433833557
433841912
433865864
434562133
435026115
435229219
436244518
437821607
438644732
438741252
438824636
439226857
439256822
439454751
440045679
440602327
440862826
441644886
442147421
442266936
442788347
443031626
443252537
443386249
443441092
444716410
445264672
447021511
447237839
448055793
448527890
448780721
449491521
449943517
450278307
450761182
450959643
451534716
451553248
451993086
452405446
453052562
453749193
454115648
454977624
455610636
455640101
455749094
455760935
456658552
456741508
457889972
458265909
458297128
458883711
459275189
459796801
460234522
460261677
460520986
461738478
462609723
462629291
463282615
463333591
463783780
466477071
467347423
467966869
468981608
469303800
469718535
470025771
470474020
472669288
472676608
473521420
473600950
474167773
475038994
475308563
476050636
476068093
476425027
476654506
476945714
477364154
477612346
478341355
478528470
478648105
479655867
479765794
480221760
480268123
480445152
480895164
481488553
482221017
482362526
482610944
482646960
482678632
482903009
483176480
483527294
483553900
483666670
483728821
483781033
484476713
485008966
485216808
487136355
487863969
488070461
488975051
489157178
490097249
490413670
490806568
491205991
491912159
492130697
493470011
494220573
494350395
494986310
495233585
495495255
496135591
496392949
496743840
497166076
497294450
497348743
497366719
497435584
499006353
499064054
499411887
499437526
500574421
500697671
503286479
503454996
503472419
503559378
503899652
504314001
504455829
504750266
505161559
505507899
505984773
506108937
506180943
506221753
506229463
506306140
507612333
507805060
508688109
509208373
509702972
512261436
512270108
513229692
513395842
514472109
514544853
515146945
515215288
515805848
515872062
516121502
516821989
517275735
517838247
519237029
519525699
519841915
520942671
521284977
521626397
522834663
523566371
523783307
524182684
524306494
524560232
525281194
525451799
528256539
528315877
529735879
530022942
530962062
531487192
534051280
534122699
534619670
535729189
536302290
536903575
536989706
537024866
538172592
538874962
539404124
539681542
540030668
540255270
540416192
540707188
542214956
542246949
542725869
543342946
543526424
543694265
544062603
545198999
545523548
546497641
547704754
547732865
547751821
548097743
549289092
549529145
549713520
551038079
551114438
551379330
552061736
552669850
552894440
552942470
554456302
557123051
557856851
557865922
558758045
558958245
559472562
560192193
561014606
561297262
561424564
562430294
562467610
562482143
562644963
562858515
564100933
564137722
564913709
565673818
567435063
567720258
568342431
569354759
569711633
569751067
569898812
570188791
570548841
571055420
571888042
572480975
573384180
573606684
574103842
574821384
575276066
575967362
577039883
577108379
578276195
578355907
578751791
579076034
579167792
579170244
579678542
580205700
581028298
581049671
581708158
582344910
582677838
583655792
584719623
584782249
584809338
585786968
586186285
586459067
586753527
587376611
588760719
590753997
591137471
591205383
591395442
591407783
592397825
592790322
593593667
594031639
594325037
594660796
595343943
595430108
595741770
596265716
596303981
596777733
596928562
597753922
598711625
598935214
599449255
599567341
600128096
600295935
600901134
601504367
601660131
602181008
602382710
602478674
603128862
604225201
604470211
605361902
605450174
605704323
606039209
606838190
607001678
607011527
607938748
608428760
608776000
609377836
609668706
609855082
609934384
610065011
610485463
611414090
611973464
612046554
612979185
613193446
613617173
613618581
613779937
614485741
615651974
615747139
616056448
616686457
617769973
618336765
618865307
619176993
619200098
619562431
619870800
620048162
620621442
620803305
620971258
621502568
621751171
622095274
622871303
622882436
623437024
625055650
625302137
625766597
625788339
626483880
627221941
628100596
628822196
629078054
629799085
630097404
630263180
630871596
631394163
631778662
632004826
634206394
635854828
636617301
638807876
638843231
639716339
639968101
640056416
640296333
640352060
641718762
641724328
641834489
642280220
644149066
644423961
645039205
645546496
648096929
648129948
648884536
649527639
650080095
650808954
652165521
652463870
653313761
653828487
654628940
654791696
655278691
655375284
655390455
656619548
656997170
657143976
659360249
659375690
659472036
659746488
659782924
660971534
660986024
661204095
661991836
662365982
662844346
663234710
663262576
663288013
663405180
663891484
664936275
664991566
664999668
665710170
665719911
666819179
666912818
669162923
670298531
670673978
671449481
672301267
672676911
673699665
674193170
674328478
674360586
675264594
675644019
675774019
675925235
676888888
678368160
678602421
679071463
679380930
679721110
682112981
682398755
682453149
682572439
682907948
683665901
683689366
683878812
684800630
684857726
685663002
686290002
686642068
686651034
686658153
687770604
689073180
692107906
693445844
693693506
693746787
694067224
694153911
694207213
695694805
696870685
697828393
698827509
700013996
700661805
700797243
700945468
701161020
702096967
702611116
703374576
703513806
703955912
704011177
704122969
704333795
704511505
705828655
706205475
706301126
706640620
707385411
707535504
707579661
707708686
709055393
709216795
709272944
709993987
710001145
710378144
710403258
711228853
711793627
712063980
712434697
713297908
713578852
714685084
714698298
715080688
715498626
716525682
716549255
717613271
717737755
717877423
718164163
718314439
718428644
719344713
719507435
719578169
719592399
719903004
720696775
720859075
722461689
722767430
723363446
725909707
726297346
727392208
728268359
728666001
728668532
728713455
728757991
728799083
728870498
729014245
730055472
730217166
730316164
730644101
730796523
730856862
731790823
733018209
733023382
734176750
735750523
735800800
737103205
737746620
738091670
738235050
739343613
739575267
740372664
742371099
742958228
743066027
743150902
743199848
743461490
743822763
743971605
744691387
745317625
746840237
747125461
747398594
749029577
749223504
751042092
751228968
751753352
752118131
753961096
754314050
755064859
755293372
755516355
755662889
755990583
756573278
757235635
759385550
760010185
760180875
760255920
760260688
760408157
760986159
761620576
761760509
762389529
762640641
762956753
763538294
763833272
764384411
765273075
766254188
766448813
766618577
767690267
769133013
769629204
770163102
770985246
771043917
771049899
771511720
772585408
773526954
774124226
774555274
774705687
775158590
775773245
776488528
776724028
777098365
777184970
777675544
778037668
778152283
778179152
778296590
778889411
779120326
779253587
779972399
780122520
780207815
780496390
781126680
782019757
783525072
784277503
784449018
785047301
785089747
785605288
785865787
786064567
786236999
786581249
786737395
786989948
787267156
788062598
788402482
788798104
789302410
789842430
790281503
790291160
790772920
790846638
791450888
792286185
792887422
793022904
794084909
794316580
795374113
795430347
796102200
796450126
797412984
797438246
797706580
797828408
797870152
798621079
800336038
800660229
800670364
802335555
802534786
802981132
803049009
803101796
803220357
804599435
804911211
805185204
805488485
805606156
806849997
806945318
807515477
808218701
808516791
809337218
810071283
812235238
812461964
813061938
813577487
813979636
814022095
814665761
814697567
815492515
815535582
816748765
816993342
817673601
818125133
818712031
820869405
821364057
821509549
823014152
823544493
823703456
824106896
825244378
825698429
826082482
826703589
827268443
827631632
827849078
827862615
828142526
828769730
829190063
829390916
829774311
829809359
831718661
832191519
832210292
832502997
832761047
832923404
833748739
833805533
835034564
835109255
835250232
836044878
836356618
836530050
836959239
837590002
837873867
839054224
840200124
840607466
841161075
842081059
842359192
842489125
842584646
842831716
843745672
843891331
843931111
844347475
845205071
845249069
845335221
845407944
846399514
846729153
847377975
847799627
849387278
849790840
850070781
851294593
851603376
851611014
852181936
852446882
852665804
852688619
852894095
853741262
853753380
854169436
854543050
854839679
855480089
855764899
855917443
856041695
857476349
857519725
860557617
860699831
861191032
861408630
862234042
862899153
862905415
863207796
863282672
864197865
864565251
864723266
865641640
866943431
867306246
867560494
867598932
867796462
868338777
868638451
869510619
870294057
870361002
870783482
871569457
871958115
872195451
872540316
872891530
873416741
873776292
873962416
874055349
874361969
874476911
875047469
876311169
877118402
877612546
877790600
879006388
879338828
880322679
881064680
881938270
882156636
883051871
883571558
883845541
884183522
886431548
886448781
886822814
887787846
887933892
889148189
889597523
889930072
890610476
891832620
892225631
892931977
893238753
894341734
895536375
895726304
895812235
896154095
896481719
897016955
898207488
899354610
899585671
899639315
900392905
901612177
903111141
903940584
903942682
904346382
904484573
905211578
907073195
907130626
907898207
908338485
908346626
908502820
908692908
908864681
909078917
909085724
909194108
910382719
910761359
910783662
911054532
911335123
912052195
912478755
912660407
912830215
912873145
912943552
913488813
913696181
913920834
913955794
914179641
915023961
915150933
915406269
915641656
915812609
916178448
917441838
917707707
918709231
918812193
919771812
920334605
920375277
920933112
921007952
921208596
921523018
921807559
921825691
923947317
924125375
924635449
925455943
926002302
926783549
927124378
927382456
927682599
928382326
928778093
929240073
930063759
930844238
930899756
933031119
933224095
933397409
933487989
934556642
934929929
934961924
936274892
936468730
936548989
936710301
937120592
937785789
937905105
938931865
939452668
940319545
940506403
941068184
942010129
942249843
942823775
943173090
943895633
944550760
944967513
944973918
946788487
947546497
947952145
949076536
949118800
949306452
949593077
952361127
952535598
953110959
953398501
954587582
954732930
954952053
955050546
955414011
956199688
956299916
956593129
956854015
957537706
957613418
957922127
958023964
960404597
962629134
963746341
964439641
964639877
964943416
964985540
964991800
965130155
965664825
966048059
966123263
966790547
967262281
967839572
968508714
968541787
969267114
969615891
970128982
973234142
973517514
975188541
975291346
975317909
976704196
976825692
978036783
978349469
979326657
979536184
981574029
981732944
981827303
981933820
982107280
982244024
982417228
982425493
982531411
982644554
986130459
987084628
987558993
987606206
988798965
990734099
991439943
992736340
992879453
994741737
995363873
996410438
996427540
997478244
999386587
999408449
999687480
1000091701
1000173325
1000608939
1000619839
1001437968
1001559540
1005060048
1005155577
1005162278
1006201806
1006374074
1007720557
1007909635
1008851924
1008859377
1008878965
1009097619
1009425871
1011905466
1012509934
1012970916
1013297648
1013412635
1014029931
1014133348
1014134415
1014500989
1014869448
1014987719
1015239750
1016017106
1016050353
1016315082
1016603820
1016802428
1017897393
1018025271
1019727762
1019804299
1021021201
1021289534
1022053311
1022075860
1022439704
1023223977
1024630853
1024896902
1025709771
1025924287
1026984839
1027756560
1029716555
1030040174
1030399349
1031056242
1031415274
1031450336
1031459088
1031473473
1031554462
1032253706
1033068416
1034915578
1035293022
1035841347
1036322567
1036353325
1036976873
1037643475
1037980023
1038272843
1038600437
1039317426
1039536161
1039781371
1040067175
1041784189
1042690780
1043195041
1043372949
1043492174
1043935620
1043977817
1044080341
1044991204
1046119960
1047841042
1050944575
1052416819
1053179350
1053519653
1055793043
1056437652
1056628875
1058067587
1058180282
1058555249
1058663256
1058959096
1059111695
1060213623
1060939217
1061121503
1061561572
1061981755
1062712464
1064439948
1064698431
1065172827
1066440441
1067402709
1068146169
1068204173
1068429416
1068500103
1069140481
1069286122
1069338224
1069587183
1069679424
1070268190
1070503037
1071076977
1071675768
1071855094
1072065745
1072671384
1073178646
1073289031
1073675567
1074397811
1075002017
1075358377
1075377019
1076104028
1076279737
1076818116
1076947820
1077241557
1077762652
1077896948
1077972082
1078082087
1078352714
1078987618
1079247878
1079745675
1080200077
1080495486
1081314010
1081898819
1082256677
1083354277
1083579615
1086196162
1086830518
1087264227
1087365664
1087447040
1088923837
1088958902
1089059666
1089242104
1089533187
1089961312
1090182409
1091451390
1091490980
1092513138
1094467830
1094543321
1094663204
1095672353
1095708587
1096096919
1096568392
1096642157
1096983229
1097032436
1097794623
1099015291
1099154954
1099693029
1100151770
1100487789
1100572922
1100853162
1101461599
1102077021
1102774351
1103250717
1103633133
1105324646
1105856076
1105878210
1107445723
1107913082
1110553582
1111548497
1112618127
1113063017
1113150239
1113802264
1114354358
1114462767
1115121565
1115747819
1116372186
1117064637
1117278058
1118818016
1119072930
1119466609
1119597488
1121084539
1121629791
1122403360
1122525984
1123128589
1123215799
1124085974
1124950946
1125064059
1125177119
1125489675
1126497603
1127179594
1128265519
1128924212
1130205456
1130246409
1130523351
1130712715
1131021360
1133697862
1134128943
1135005487
1135494817
1136184190
1137119898
1137377770
1138257919
1140591295
1142843195
1143010281
1143263323
1144402750
1144488594
1146050552
1146489700
1147491617
1147537604
1147619483
1147944174
1147985523
1148050144
1149237101
1150325436
1150426084
1150654231
1150949945
1151315577
1151475350
1151850331
1151871625
1152865405
1155009389
1155372090
1155473535
1155575484
1155682528
1155799458
1156421493
1156978206
1157132318
1157574069
1158303198
1158468295
1158689491
1158803135
1160138248
1160964704
1161920968
1162135622
1162206424
1162721721
1163104873
1163120144
1163466339
1163731147
1164001692
1164180805
1164332968
1164566743
1164820532
1166107397
1167279749
1167343865
1167835542
1168083127
1169535916
1170792096
1171862722
1173814388
1175552541
1175698358
1176684620
1177172711
1177231739
1178545451
1179684439
1179777106
1180030149
1180259681
1181354359
1182231376
1183372233
1183623897
1184443329
1186234039
1186284646
1187553545
1187572300
1188129102
1188655915
1189649883
1190640575
1191292772
1191905565
1191940907
1193136707
1193646558
1193664831
1194289714
1195151294
1195191025
1195253798
1195876341
1196073215
1196339965
1197552278
1197836336
1198295819
1198973955
1199189437
1199605290
1199849211
1200027366
1201537589
1201639877
1201661930
1201717323
1201882715
1202023003
1202232182
1202673862
1203377863
1203678236
1203759312
1204297076
1204997123
1205314017
1205994791
1206777265
1207074759
1207305000
1207593541
1208277956
1208285909
1208913730
1209019199
1209444628
1209779732
1211476038
1211751254
1211964176
1212833506
1213387011
1213769031
1216456860
1217371329
1218806876
1218884192
1220076489
1220906762
1220962009
1222403947
1223566038
1223568270
1223806998
1223809183
1224145671
1224298545
1225551446
1226499339
1226640675
1226755003
1226975840
1228483987
1228571080
1228633051
1229248636
1229414846
1229474184
1230326563
1231579961
1231691932
1234017541
1234215817
1234271237
1236198279
1237855173
1237927774
1238766033
1238985842
1239296836
1240992187
1241221652
1242485178
1242643952
1242696349
1246322923
1246427325
1246827547
1247600090
1248665432
1248893020
1249583911
1249952591
1250731048
1253567079
1253680398
1253704668
1253996587
1254544568
1255367484
1255814308
1256622141
1258606970
1259421538
1260432496
1261026423
1261600637
1262258213
1263711046
1264613958
1265405449
1265925594
1266748166
1267795887
1270694689
1272336062
1272486366
1272553695
1273526176
1273814241
1274222198
1274222631
1274757013
1274835539
1275069876
1275234384
1276216141
1276618279
1276766017
1276798531
1276967785
1277166379
1277747861
1279388615
1279970078
1280153399
1280179024
1280614437
1280844761
1281240282
1281243765
1281254075
1281595535
1282231539
1282450610
1283370345
1283660912
1283905282
1284276004
1284745479
1286219506
1287110370
1287221635
1287333324
1287630246
1287708443
1289160056
1289425373
1289948048
1290051729
1290504662
1290642661
1290767183
1290800522
1290971993
1291777438
1291945892
1292666783
1293043079
1295291934
1296293971
1296313754
1296784062
1297031553
1297098479
1297131671
1297807578
1298432182
1300342553
1300459337
1302511607
1304057470
1305550418
1305866165
1307021093
1307371614
1307871664
1308222329
1308955857
1309339577
1309918966
1310137271
1310532408
1311124662
1311254534
1312114340
1312171784
1312855947
1312929562
1313757770
1313932615
1314770143
1316251385
1316391509
1317172565
1317862588
1317954794
1318147073
1318214873
1318347945
1319359420
1319998884
1320359364
1320586116
1322457516
1322636770
1322730970
1322740785
1324016624
1325737467
1326884756
1327257770
1327739012
1327986803
1328258481
1328652773
1328872688
1329692505
1329719867
1330925788
1331371769
1333196200
1334096044
1334184895
1334442367
1334710188
1334965092
1335280552
1336064968
1337210812
1338058903
1338996007
1339019409
1339333108
1339746269
1339854151
1341087005
1341551929
1342287023
1342608036
1342796796
1343734677
1344537372
1344564276
1345394549
1345656189
1345821070
1346699774
1347375867
1347575646
1347630744
1347876335
1348484848
1348486392
1348624443
1348776930
1349590379
1349806590
1350102107
1350213864
1350703928
1352184243
1352314674
1352903222
1353163071
1353611756
1353826539
1354164406
1354496975
1355352411
1355766019
1356112788
1356192560
1356394011
1356575896
1356586840
1356920474
1357080071
1357391934
1357866836
1357882799
1357891725
1359178387
1359335064
1359491263
1359558658
1359899332
1359937527
1360212153
1360303045
1360588674
1360766782
1360851756
1360907215
1361000697
1362388549
1362728906
1362936684
1363187702
1363380569
1363974488
1364774910
1365087223
1365286857
1365684925
1365784668
1366045091
1366232856
1366596413
1366741167
1369180049
1369872211
1369942167
1370550778
1370738445
1372405942
1372785513
1372898708
1373980450
1374349759
1374421782
1375553015
1375832849
1376050990
1377581349
1379667762
1379926008
1380289263
1380722402
1381077495
1381129286
1381140066
1381871095
1382650525
1383305202
1383664127
1383954372
1384919014
1384976285
1385651284
1386184653
1386506140
1387585596
1387612148
1387660728
1387699357
1387990100
1388715094
1388738694
1389973805
1390250648
1390523246
1390683590
1391160255
1391790276
1392063463
1392305944
1392889757
1393582537
1393952644
1394232805
1394383023
1395382326
1396772092
1397807386
1398360983
1398570896
1399017926
1400435603
1400859832
1400862671
1401041943
1402095040
1405673260
1406070887
1406227438
1409119842
1409672324
1409916358
1410585609
1411486533
1411803207
1412687769
1412865131
1413029498
1413253520
1413263597
1413373478
1413626303
1414479184
1414592674
1414952838
1415096591
1416022489
1416991672
1417703532
1417761546
1418174028
1418864351
1419894556
1420095853
1420613739
1420749117
1421019037
1421770716
1421958282
1421960314
1422204495
1422290519
1423602531
1424197982
1424363337
1425126841
1425266828
1425591410
1425825542
1426708333
1426882097
1427531563
1427833309
1428225607
1428310965
1429258012
1430506138
1430582420
1430965365
1431653909
1431813910
1432487390
1432893622
1433032205
1433632504
1434860175
1435337738
1435787826
1435885295
1435903610
1437118052
1437228594
1437635491
1438730772
1439018447
1439249338
1439909866
1439916477
1440857800
1441009060
1442250334
1442559786
1443066663
1443164898
1443461491
1444077041
1444326108
1445227498
1445490668
1446222036
1446366002
1447068176
1447198649
1447307946
1448206157
1448605822
1448750216
1449538552
1449825696
1450696296
1451016617
1451195007
1451704965
1452198740
1452554470
1452640743
1453062988
1453890825
1454906424
1455128215
1455138358
1455153033
1455191021
1458334241
1458387416
1459897281
1459962866
1460234196
1460474208
1460563147
1460570637
1461466137
1461966689
1463478769
1463534326
1464197478
1464844792
1465608105
1465650409
1465788329
1466203477
1466452402
1467092659
1467477153
1467613679
1469156046
1470235663
1471564031
1472758751
1473431688
1473682209
1473804789
1473991877
1475196524
1475500850
1476351829
1476840972
1477255557
1478485676
1479008228
1479950332
1480391788
1481110266
1481177037
1482281385
1484393743
1485320183
1485674470
1486222493
1486310301
1486560340
1487785402
1488322323
1488959477
1489008066
1489087246
1489277311
1489591686
1489914674
1489983580
1490089352
1490376217
1490575840
1490918008
1490949509
1491102984
1491236628
1491342779
1492366108
1492799712
1493390291
1494088682
1494088739
1494455877
1494638285
1496428332
1496645654
1496985427
1497458800
1497768443
1498937234
1499273048
1499357967
1500490424
1500493401
1500556690
1501082247
1501434741
1502689443
1503166501
1504005063
1504180507
1504181053
1504776033
1505381044
1506402788
1507947297
1508062931
1509996252
1510643459
1510681457
1510766988
1511406485
1511494336
1511768233
1511893909
1513383825
1513882640
1514041989
1514442523
1515002996
1515617907
1516437511
1516725257
1516826304
1517204347
1517926669
1518540645
1518810652
1518942499
1519427912
1519501434
1519809401
1520403440
1520671564
1520781038
1521214141
1521346311
1521875893
1522143164
1522329113
1522705857
1523730463
1524348580
1524834446
1525015486
1525223262
1525851779
1525971600
1526611164
1527254173
1527408365
1527474482
1528042408
1529047014
1529595708
1529751726
1530078942
1530332647
1530433697
1530506880
1530784568
1531289382
1532476518
1532504430
1532682203
1533207680
1534002231
1536415768
1537116581
1537888944
1538268162
1540038501
1540272580
1541032894
1541354741
1542206324
1542728672
1542980532
1543144395
1543363780
1545653203
1546031104
1546110060
1546785104
1547062398
1547808190
1548185678
1548321641
1548479763
1548925445
1549890850
1550250512
1550606200
1551257324
1552049065
1552502968
1552909892
1553342770
1554234041
1555106548
1555629008
1555811341
1556134713
1556239821
1558925100
1559252650
1559737902
1560960163
1561943998
1561977924
1562153702
1562232766
1562606066
1562720902
1563150975
1563232072
1563836128
1564784175
1564838293
1564861997
1566483538
1566588280
1566717254
1566749346
1566809269
1566843891
1567326126
1567782908
1567975784
1568006005
1568061657
1568175375
1569491108
1570469609
1570800951
1570852212
1570956535
1571115566
1571129799
1571356990
1573369056
1573543895
1573606504
1573889771
1574485060
1574740337
1575382174
1575994910
1576335864
1577564757
1577949051
1578191118
1579058539
1580916752
1581396024
1581489340
1582669869
1583225040
1583871923
1584176732
1585151412
1585488804
1585693054
1586570945
1586721588
1587415432
1588354734
1589963839
1590100048
1590120082
1590884889
1591100158
1592280984
1592979026
1593122219
1593234107
1594334201
1594529739
1594615480
1594820087
1594929201
1594979092
1595491969
1595819423
1596207555
1596449404
1596593021
1596759302
1597791353
1598518398
1598610989
1598675584
1599084041
1599132081
1599748539
1600109468
1600652512
1601217067
1601970196
1601981982
1602456952
1603708031
1604508146
1605052890
1605340674
1605806778
1605896573
1606869234
1607382101
1607724257
1608140853
1609011540
1609758609
1609979469
1612431019
1612600715
1613088730
1613183312
1613672458
1614444005
1614804566
1615376643
1616609852
1617357030
1617563340
1618194933
1618355515
1619106846
1619427589
1620405046
1621118610
1622680749
1623005828
1623063132
1623313499
1623347746
1623375692
1623991867
1624689059
1625263229
1625481960
1625570034
1626016512
1626709751
1627380383
1628206203
1628226545
1628315412
1628640445
1629000023
1629119473
1629252552
1629558636
1629647495
1630127166
1630377285
1630649943
1633121887
1634267919
1634466998
1634784049
1635131318
1635548503
1635702262
1635956028
1637011044
1637226362
1637449352
1638009070
1638758578
1639565387
1639590352
1640199974
1640401258
1641423309
1642211977
1643891304
1644740562
1645330285
1646012997
1646272128
1648127925
1648429336
1648660381
1649360937
1649499001
1649509912
1651018862
1651229067
1652995969
1653250298
1653749761
1653774789
1653780800
1654068246
1654613545
1655127425
1656123455
1656627202
1657725996
1659522812
1660991330
1661130141
1661905456
1662594019
1663292143
1663503883
1664554609
1664575064
1664605743
1664720796
1665224009
1665268888
1666180715
1667167899
1667309671
1667683210
1668072103
1668191647
1668738208
1669536055
1669616923
1669694919
1669957749
1671505055
1671734360
1672481996
1673164896
1674283395
1674706623
1675367637
1675649466
1676363017
1677309925
1677839096
1679691302
1679786811
1680515480
1680968946
1681452448
1682477176
1682583095
1682832699
1684589591
1684611990
1684762786
1686565065
1686633079
1686962571
1687965999
1688468337
1688659633
1689720674
1689951228
1692060281
1692763423
1692996303
1693707833
1693900908
1693921504
1694090917
1694113780
1696268091
1696364970
1697738132
1698058501
1698816791
1699785934
1699914444
1700707352
1702976991
1703036060
1703474350
1703725438
1704602681
1704678858
1704719162
1706841635
1707138528
1707344150
1708298415
1708816511
1709311005
1709656544
1710297294
1710650281
1710662357
1710705414
1710966758
1710974411
1711106060
1711336702
1711565059
1712958894
1713251130
1714213420
1715110061
1715465338
1715698365
1716361226
1716550905
1717275427
1717398831
1717426338
1717709079
1718835317
1719252479
1719716101
1719993263
1720767192
1720975576
1721021154
1721269151
1721885931
1722177210
1722306897
1722331512
1722420380
1722707195
1722807153
1723277015
1724747834
1725160428
1726483973
1727376404
1727873895
1728366083
1728826276
1728921880
1729098903
1729350609
1729672804
1730765303
1731424485
1731973264
1732377014
1732591692
1732999915
1733044735
1733692079
1733761901
1735388388
1736492507
1736977321
1739002189
1739056863
1739112274
1739482410
1739518965
1741366612
1741450013
1742077458
1742424512
1742546740
1743225000
1743257409
1743447092
1743640794
1743802163
1746308807
1746606494
1748474075
1748501083
1749872984
1750050537
1750494753
1750761988
1752257034
1752340559
1753192977
1753429777
1754867262
1754886796
1755030184
1755354061
1755515442
1756951374
1757736155
1757790062
1758580958
1758955546
1759951459
1760011910
1760669906
1760792328
1760816701
1762364513
1762401936
1762910094
1765130212
1765167544
1765764401
1767951605
1768150078
1768180278
1768270555
1768684215
1768871236
1768895491
1769357716
1769684005
1770305314
1770552519
1771840771
1772230930
1773142143
1774007627
1774324554
1774724086
1775445078
1776191945
1776564601
1776660530
1776662513
1776723973
1776805733
1777035583
1778155123
1778517759
1779671196
1779721058
1780379543
1780484928
1780672133
1781013850
1781213298
1781585184
1781680206
1782083259
1782796659
1783669066
1784103541
1784862916
1785032613
1786524237
1786655468
1786896801
1787336705
1787356814
1788882096
1788913603
1788932924
1789533084
1789895746
1790614382
1790623519
1791355423
1791791894
1791908320
1792488721
1793496743
1793515066
1794755540
1795198597
1795256886
1795278944
1797029782
1797071640
1797765988
1798575873
1798883134
1799639262
1799947475
1801185554
1801686009
1802275838
1803170340
1803670455
1803823455
1804216095
1804435243
1804776172
1804968380
1805027842
1806339281
1807344241
1807480277
1808039541
1808702801
1809314987
1809357926
1809364577
1809940065
1810567351
1811252233
1812362991
1813041763
1813187785
1813425295
1813599653
1814323629
1815725075
1815934617
1816891212
1817497682
1817907520
1818694168
1818739852
1819523265
1819807951
1821518995
1824095979
1824772489
1824898551
1825029743
1825389750
1826605354
1826933336
1827069473
1828086727
1828362479
1829008663
1829735972
1829890922
1829944478
1830574043
1832193630
1832655089
1832657475
1833590320
1834097002
1834551727
1835094291
1835138902
1835181060
1835903792
1836755578
1837468051
1837605891
1838505464
1839438390
1839807011
1840020147
1840040266
1840295538
1840483108
1840526353
1840601491
1841327313
1841354951
1841359586
1841486471
1842234538
1843169000
1844344219
1845869718
1846064095
1846270452
1846394412
1847605518
1847736779
1847998870
1848317752
1849314270
1849381478
1849642313
1849872886
1850484330
1850608728
1853424398
1854054122
1855842958
1856636154
1856888979
1857510747
1857755095
1858278728
1859054989
1859218064
1859362839
1859785262
1860383373
1860542788
1861171884
1861631599
1861755636
1861956382
1863060959
1863508144
1863934041
1864504320
1864700972
1864758252
1865512630
1865883365
1866384939
1866482704
1866778868
1867459967
1867723421
1867727699
1867958249
1868230959
1868408297
1868493940
1868521378
1869092749
1869460128
1869604128
1870125657
1870295170
1870420608
1870643938
1870876462
1872568826
1873263100
1874909842
1875033770
1876361562
1877241342
1878133033
1878190442
1878546525
1878774611
1878855240
1879443110
1879600218
1879645680
1879838424
1880129058
1881302462
1881862430
1882827464
1884075352
1884365661
1884790557
1885355600
1885850621
1886397620
1887479587
1887935269
1887964377
1890381346
1891467353
1891689259
1892143549
1892476213
1893743722
1895090368
1895250515
1896041134
1896249316
1896520555
1897468086
1898078493
1899223332
1899405849
1901211814
1901496414
1902473273
1902945457
1904626832
1907291067
1907416382
1908010003
1908236584
1908455747
1909339337
1909636966
1909662285
1910048068
1910776131
1911174613
1912091998
1912942483
1913691888
1914446707
1915155772
1915306203
1915993024
1917154628
1918072223
1918304931
1919374066
1920350409
1920359038
1921017765
1921071821
1921148304
1921242695
1921738510
1921743709
1921992676
1923372269
1923760914
1924307341
1925147435
1925268204
1925272804
1925967710
1926110493
1926650282
1927332631
1928495485
1928649635
1928971032
1929024258
1929290842
1931722699
1932671314
1933760141
1934012961
1934127099
1934192238
1934246756
1934913351
1934978314
1935326640
1935415490
1935893300
1936254140
1936672218
1936809010
1937050534
1937233985
1937328496
1937612466
1938239058
1939149509
1939381956
1939599077
1939695276
1940479082
1941088295
1941394068
1942033211
1943485927
1944699903
1944749228
1945115299
1945902823
1946139629
1946300476
1948131838
1948740869
1948909145
1949281202
1949581837
1949639474
1949831214
1949917498
1949976254
1952494380
1952506229
1952549338
1953035289
1953532521
1953926558
1954330512
1954425108
1954895175
1956005000
1956376482
1956466346
1958413474
1958592227
1959873462
1960157582
1960324324
1960698920
1960927125
1961072798
1961327718
1961450214
1961571333
1962056629
1962204752
1963466547
1965300376
1966381342
1966387642
1966777761
1966957709
1967643003
1967789672
1968015661
1968376109
1968433344
1968909824
1968989454
1969142226
1969332560
1970850762
1972300736
1972722198
1974540002
1976318122
1976598412
1976686138
1977160351
1977405027
1977444047
1978304798
1978471247
1978543382
1979603992
1979669622
1980488702
1981148860
1981166390
1981462140
1981621494
1982107350
1982424440
1982654180
1982674817
1983170252
1984320754
1984374892
1984406400
1985445918
1986010067
1986344880
1986370040
1986847786
1987121263
1987145887
1988041405
1988433870
1988818573
1989139327
1989395600
1990300161
1990984543
1992242262
1992663141
1993063537
1993567702
1993602636
1994126927
1994540021
1995416283
1995829128
1996104042
1996415451
1996739717
1996762613
1997282630
1997527432
1998418084
1998771329
1998884704
1999035088
1999313690
1999603717
2000244110
2000625078
2000814810
2001467802
2002135923
2003196654
2003754736
2003917702
2004781665
2004911949
2004980081
2006083740
2006165835
2006312399
2006833409
2006998610
2007669816
2008041898
2008490587
2010145235
2010549901
2011695323
2011894654
2012328767
2012717995
2012731564
2012961532
2013138230
2013433682
2013516485
2014096603
2014212407
2015509745
2015602218
2015965083
2017294142
2017306787
2017512556
2018799177
2019330489
2019412398
2019527885
2021045052
2021470660
2021506360
2022162966
2022183071
2022603030
2023134949
2023756276
2024063398
2024140672
2024384286
2024762398
2024842945
2025029303
2025124360
2025955727
2026228299
2026678075
2027994985
2028447542
2028643580
2028701524
2029503438
2029915680
2030061425
2030490469
2031134749
2031303417
2031580336
2031718421
2032412701
2032733006
2033593157
2033999110
2034018894
2034138641
2034196380
2035668597
2035827411
2036289701
2036418148
2037084366
2037144999
2037345996
2037976650
2038266549
2038345397
2039144692
2039810301
2040251126
2040519487
2040559933
2041529690
2041947321
2042667543
2042817015
2043073803
2043466723
2043469915
2044271275
2044659906
2045522243
2045688138
2046013972
2046055676
2047120555
2047461207
2047794885
2048099244
2048346201
2048765751
2049143652
2049999631
2050322889
2052246058
2052932051
2054074429
2054366669
2056739574
2056978036
2056988718
2057598124
2057625522
2057954341
2058095144
2058230527
2058679952
2058844137
2059472936
2059819968
2059955975
2060788973
2062493684
2064405519
2064781005
2064874300
2066944070
2067311553
2068387841
2068553648
2068957097
2069217334
2069221981
2069252717
2070056418
2070539513
2071537092
2071967505
2072038306
2072126079
2072185973
2072640238
2072641047
2072830347
2072900032
2073493919
2074064735
2074632031
2075255434
2075536840
2076195336
2076677932
2079001996
2079231308
2079547842
2079578905
2080381072
2080863686
2081860449
2082920464
2083164280
2083175170
2083394594
2083821379
2084088557
2085054017
2085087682
2085552406
2085683530
2086341371
2086599797
2087024389
2087766409
2089274286
2089545335
2090000220
2090009674
2091048772
2091418855
2093327421
2093988447
2094892981
2095765655
2097111889
2097277507
2097503393
2097532013
2097591403
2098842434
2098948037
2099466576
2099743431
2100609028
2100771343
2100935252
2101049186
2101954699
2103098218
2103223202
2103468169
2103537114
2104219378
2104221433
2105089279
2106075945
2106701126
2106740769
2106954239
2108127153
2108208784
2108573023
2108682007
2110100588
2110364799
2110856816
2111314350
2112403874
2112585498
2113047901
2113491308
2113587423
2113700074
2114945733
2115134406
2115255480
2115743383
2115849328
2116316944
2117862989
2118066897
2118954959
2119076439
2119139342
2119338965
2119469425
2120240711
2120306120
2121106466
2121417203
2121716630
2122304617
2122558217
2124098019
2124643879
2125671269
2125788164
2125958691
2126060577
2127623450
2127868758
2128307333
2128571161
2128780018
2129336725
2130471706
2131974579
2132108404
2133398170
2133560814
2133749942
2133790798
2133977090
2134477017
2135039421
2137083777
2137188273
2137717013
2137740437
2137763121
2139294722
2139705760
2140062916
2140116008
2140312982
2140712881
2141259257
2141636084
2142142101
2142173004
2143056901
2143464163
2143475331
2143755573
2144333400
2145112042
2145332588
2145571960
2146325240
2146354066
2146370746
2147230823
2147283004
