332582
460426
601451
645601
1090974
1237034
1845799
2092769
2417314
2690567
4505037
4751856
5988890
6200800
7164822
7455331
7668649
7982147
9063770
9544038
9919557
10103025
10281891
10818299
11212392
11433882
12718678
13118987
13834240
14273605
15272165
15400813
15625914
16115943
16642262
16823979
17538389
17983897
18766392
19228014
19708184
21009047
21248255
21502312
21900299
22107659
22364299
23115554
23651697
23892817
24869972
25082327
25331269
27187524
28615827
28825423
29869461
30124915
30981386
31296130
31668118
31723172
32089282
32347025
33818972
33892399
33962685
33981152
34044732
34095286
35602234
36142609
37325113
38419662
38755945
38972809
39015925
39462303
40255701
40951154
41215374
41700620
42730880
43156675
44018256
44183552
44322069
44698594
45038763
46396951
46750613
46895894
47454587
47520231
47991422
48121682
48309610
48650109
48714610
48753816
48865618
48886020
49100375
49510898
49571926
49590026
50021392
50499020
50681504
50775082
51948992
52430026
54262299
54392142
54909371
54948000
55393941
56074430
57259580
58534730
58552522
58792345
59764777
60168624
61025477
61037391
61299311
61475335
61566141
62708885
63905551
66027964
66311794
66343253
67002264
67910929
67982567
68433777
68945502
69366394
71271437
71349154
71539180
73406208
73685347
74294492
75166443
75309803
75989453
76927933
78629847
78760463
78909592
79663742
80518730
81306989
81318561
81923463
82617817
83222868
83229379
83864432
83966762
84480793
85309670
85743054
85744301
85822928
87545993
88389688
88488798
89302703
89407689
89451373
90409558
91875384
91928965
92188841
92749210
92956722
93673928
94002276
95148314
95231499
95264748
95455537
95463390
95754217
95788629
96684204
97586585
98745985
100165347
100587072
100702896
100816066
100911652
101392806
101577013
103705153
104114278
107282781
107381696
107456815
107732018
108891700
108987020
110366060
110674736
110800287
110912098
111805897
113630233
113796103
114405066
115016114
115186596
116203286
116517377
117003168
118336238
119061865
120577774
121760418
122077414
122380632
123413074
123553751
123670328
123879161
124807413
125261700
126310546
126740748
127219142
127977778
128435751
128607166
129106022
129858320
130336532
130489333
130646889
130977175
131095040
131677105
133458715
133584311
133593397
133913878
134126981
134353736
134979814
135191979
135638569
136444011
136501008
136621709
136856431
137019903
137045356
137761910
137940766
139249053
139591707
140084012
140238534
140710668
141164828
141218745
142561469
142648580
143050585
143606918
143706694
143918156
145022868
146074401
146766793
147690083
148974528
149038508
150223304
150771740
150807420
150864859
150895314
151108456
151597183
152879846
154237335
154247599
154682437
156240966
157323959
158434731
158882101
158996205
159987553
160464518
160628968
161763896
161873329
162885593
162937198
163265748
163574473
164004856
164623518
165054289
165420722
166073523
166267888
166383465
166808596
167201673
167273641
167426429
168368898
169174422
170563768
170886872
171377126
174284698
174757733
174783429
175542311
175600814
176104571
177298898
177866709
177947640
178125558
178149882
178836045
179130882
179131731
179769038
180015663
180457788
180502582
181474866
181892701
182313602
182663999
183016457
183028492
183291074
183432101
183812744
184033679
184268684
184739966
186699466
186973710
187134613
187753664
188645122
190277833
190312336
192996841
193400791
193742115
194028271
194224629
194447940
195251178
196551679
197122018
198111104
198541561
199405403
199418144
199740245
199927357
200249198
200619355
200625915
201058996
201228759
201330883
202724997
203888352
204251769
204252796
204322079
204500849
204556096
204831194
205292172
205859475
206091318
206283344
206335490
206719113
207199374
208762711
209150382
209354556
209624753
210032442
210506844
211038934
211114657
211215374
212555023
212748641
213554756
213584964
213736455
214119054
216004269
216917302
217425962
217560891
217689048
218184790
218204498
218274413
218589490
218811385
218835253
219975104
220151843
220262950
220514584
221017885
222015470
223221756
223418606
223732040
224518566
224583636
225043012
225152626
225220635
227402454
227832151
227863920
229077266
229767350
230583313
230603716
230712164
231151904
231326850
231621626
231809802
232244354
232346583
232704104
234715603
235630509
236375697
236681694
237029268
237892091
238063267
238726906
238850741
239267612
239606279
241417739
241753405
242822172
243157797
243456486
245183865
245241003
245449132
246678096
246890467
247789720
247898688
249017764
249212832
249843838
249923789
250023393
250845844
251034607
251996969
253219581
253946716
254597347
254617966
254803428
254819937
255067799
255432457
255504284
255670811
256105034
256569277
257948928
259866871
259985030
260217613
260841692
261396931
261517866
262490825
263184914
263452034
264133894
264687063
264937011
265094439
266179562
267005780
267040999
267325844
267357783
267517308
267829051
268001936
269839811
269949395
270709038
271055744
271297923
271491772
272573182
273970555
274152670
274329320
275061214
275549338
275816299
276558340
277743968
280372403
281159522
283393792
283601498
283868521
283943175
284428365
285671658
285868629
285985035
286530082
286616383
288521759
288907838
289689121
289851107
290377919
291626307
291627481
291864285
292129444
292293684
292626201
292800075
292951884
293653295
294111837
294852766
295153322
295362950
295473998
295635682
296363332
296397502
296568573
296754041
297468745
297596279
298553997
298582626
298728567
298785163
300194085
300514447
300548265
303281009
303548030
303719382
303946938
304298696
304629818
304735999
305734981
305929234
306063858
306177437
307244165
307333195
307412449
307447167
307907001
307955753
308053068
310541630
311224983
311624893
311999211
312567869
312573055
314564063
314921713
314952842
315638790
315927999
316001085
316141374
316584168
316947443
317121981
317338910
318829772
319292011
320511763
320728992
320754931
321257654
321368448
322041114
323858913
324697267
324863991
325408275
325479977
325516710
326487496
327233236
330005571
330077123
330342438
330637766
332192680
332278125
332703753
333832472
334741102
334756066
335670968
336992651
337054519
337332447
337877663
337981256
338434355
338725223
338900765
338974501
339511708
339687215
339697663
340171780
340465245
341049134
341404468
342207232
342232061
342233457
342255677
343664672
344260743
345236930
346728956
347492491
348038672
348208328
348296062
349210440
349330950
349614950
350750529
351091393
351336238
351627290
351725998
351986752
354406904
354556819
355110108
355604893
357071995
357840100
358967490
359228497
359901076
360039994
362012558
362090708
362360384
363060224
363597821
364855993
365618515
365854859
365896723
366057291
366551127
366718659
367152437
367279356
367625744
368081792
368203955
368587290
369953050
369969172
370023148
370701320
371007661
371383685
371839577
372195062
372820575
373021718
373078094
373243015
373876519
375863325
376667119
376852930
377883368
378148587
378706396
378857834
379844603
379891830
380158855
380283092
381107088
381166402
381334703
381355838
381371882
382166496
382612132
382637398
383554237
383909392
385055181
385363008
385944678
386410312
386453476
389214066
390209167
390299499
390543266
391158470
391808159
392932136
394280415
394747136
395617533
396835439
398076551
398685599
399168702
399512482
399871647
399948096
400097199
400871068
400939093
401311314
401550056
401734405
402971291
403680175
404354750
405228484
405832427
407305579
407596872
409149094
409709416
410058049
410408523
410572010
411007803
411014395
411848058
412562704
412587833
412774013
413076897
413249846
413510335
414309415
415248936
415731078
415762654
415984079
416958072
417276321
417286835
417326880
417382370
417897231
417990055
418636471
419186874
419949566
420322977
421317809
421435829
421669211
421866184
421869875
422225989
422355420
422747442
423680228
424818063
426171129
426272625
426608253
426861601
426881410
427006827
427181484
428070675
428589524
429692499
430128068
430328388
430641857
431252496
431527048
431532136
431865986
432386798
432962856
433338339
434642856
435574744
436317802
436348942
436576954
436803482
437323632
437533939
437622760
437801894
437802691
438219219
438834392
439516665
439767446
440335729
440727218
441005603
441434818
441564490
443128139
443679692
443901447
444296366
445339415
445628821
445807372
445977856
446061451
446115904
446264568
446815479
447900141
448056803
448108795
448400719
448499248
448965833
449070461
449108875
449270155
450670694
451018039
451070873
452337037
454653132
454796801
457519457
457624880
457860056
457940335
458542122
459022454
459387559
460175745
460639353
461701099
462476326
462481255
462600848
463932531
464186068
464349311
464428181
464807067
465248305
465732230
465925828
466543179
466839374
467026763
467214803
468299194
469599688
470237428
470688331
471438414
472479631
472520405
472649225
473012562
473103452
473177084
473694397
473719583
474317261
475838357
476225642
476457155
476945911
477702864
478272075
478724314
480711453
480828545
481832683
481903153
482030292
483181759
483521577
483956525
484508962
484590776
484912617
485002807
486193036
486520163
487340424
487721181
487742066
489133004
489754815
489783591
489912065
490299925
491034099
491673066
492158407
492230697
492238878
492915011
493148783
493775723
493962407
495180987
495807517
498692585
500478105
501064323
501333587
501440376
501711997
502312287
502483774
503782860
503785728
504452953
504934388
505647073
505962816
506133284
506213523
506401927
509538269
509730756
510083583
510523924
511180684
511859397
511920826
512184734
512928749
513629455
513644764
516345965
516919132
517076289
517141625
517452043
517932188
517959857
518047159
518281060
518318695
518648009
519485879
520620271
520716443
521178905
521288023
521783529
522131226
522363477
522363808
522456057
522611191
523132231
523330622
523505798
524172527
525063582
525276382
525276541
525826407
525875918
525938068
526074137
526222607
526339371
526894209
527117602
527163423
527863115
528607032
528790301
530418513
530531266
531700279
531715494
532249940
533142336
533484143
534019265
534485986
535556373
537668678
538189876
538490404
538853659
539001213
539093711
540111717
540146307
540441513
541320024
541918804
543221818
545147321
545355381
545809218
546383360
547755347
547935937
547980367
548393356
548915417
549435503
549503796
549670928
550779799
550929918
551171828
551319298
552191701
552840827
553065209
554135888
554295441
554816711
555378973
556375163
556763670
558092422
559755147
559941881
560646987
561953737
562084005
562388150
565150280
565163809
565594421
566843868
567380721
569532320
570594547
571100309
571282946
571330819
572171064
572664874
572706361
573396010
573558236
573974512
574400863
574813751
575274846
575329210
575734994
576137382
576173096
576727174
577654627
578293083
579016499
579033974
579075465
579769622
580074884
580158043
580183209
581042038
584456068
584542372
585144857
585386298
586671301
586786466
587163776
587300020
587502867
588142267
588505044
588557901
588693032
589351651
589685382
589965622
590254616
590433707
591091576
591254364
591367896
591373333
591538088
592172127
592787591
593251729
594741097
596442913
596679000
597887068
601373875
602275996
602429253
602985430
604176868
604928883
605259496
607096721
607327509
608093206
608128877
608676235
609657347
610561479
610978589
610984833
611088962
611247357
611497037
612157911
612251937
613415467
613589351
614148943
614169563
614563998
618085104
618531184
620448015
620487904
620664992
621570871
622950130
623546438
623867562
624211715
626624746
627053160
627177284
627465359
627901465
627958688
628072813
628161572
628233276
630169879
631939223
632461160
633328370
633510626
633590342
633866468
634913667
635445788
636017711
636413112
636446642
636764415
636967347
637042118
638699459
638829666
640009080
640386875
640751374
641161601
641530500
641628288
642491141
643106731
643138315
644803992
645672986
645812637
645866659
646739151
646970432
647161248
647763229
648452251
648699346
649207495
649344947
649977016
650690120
651182791
651450950
651663422
651941663
652528075
653216165
653697728
654104031
655799076
656772594
657041472
658194323
658434354
659523471
659715809
660464351
660548693
661724765
662233233
662539064
663005444
663359269
663987019
664178653
664986115
665653742
666664419
667243818
668208076
669800426
669916852
670795996
671512481
672544306
673845075
675847671
676062027
677309731
677764103
678209170
680310225
680362805
680408579
680865507
681153630
681190338
681569927
681988602
682083233
682196401
682694293
683953985
684019959
684392219
685111607
685458386
685644545
685964858
686047752
686208366
686248249
686761150
686910902
688564632
689076538
689114821
689786514
689955738
690626655
690944413
691217060
691926890
691955735
691972110
691976411
693135385
693376942
694737490
696004057
696659256
696779702
696998197
697321860
697600019
698271335
698989347
699270119
701177422
701448336
701596347
702306913
702531313
704026040
704398290
705568282
706058393
707629239
707710646
707824278
708318893
708613159
708776061
709921726
711968678
713425142
713540602
713549070
714299635
714704992
715194028
715304185
716291239
717757183
717984351
718013802
718119002
718670905
719036994
719842020
722154435
722408784
722409330
722416709
722871944
723269814
723727699
724004484
724256303
724284120
724516868
725473817
725971144
726287762
726726721
727262458
728018804
729117919
729535040
731672127
732159787
732463275
732794282
732960831
733751222
733839945
734500098
734722689
735331867
735710064
737403627
737615269
738728152
738811194
739941805
740241179
740312855
740939693
743064120
743233181
743846054
744135049
744348550
746677251
747050549
747702411
747885728
747927261
747971176
748025104
749184292
749520809
749819377
750259588
750364821
753909107
753909244
754902746
755420126
755481921
756855774
757052230
757308097
758404321
758709917
760526478
761734657
761985661
762032122
762789742
762947583
763538489
763830624
764279316
764330692
764426844
764806443
764949303
765012270
765062709
765140560
765331663
765391823
766272076
767440974
768484656
769236383
769713242
770117264
770378291
772500557
772516819
773482810
774194499
774330199
775668352
775684306
776717464
776792012
778017520
779440378
779458884
779913514
780338019
780490686
780505606
780646977
780697361
780777358
782139106
782884406
782992675
783308599
783310303
783483903
783810293
783848098
784455568
785111323
785421175
785810394
785938283
786178111
786714248
786770170
786922428
787898482
788626090
788675735
789577432
789728700
789824943
789939769
790303751
790326308
791664238
791822608
792044450
792048304
793677156
794038812
794867716
795897296
796083480
796085593
796227943
796857423
796989850
797636247
798310740
799032102
799188046
799264142
799425572
799954892
800193039
800246885
800269587
800572881
800641597
801098612
802247250
802508000
803756529
803780356
804488793
805148767
805957803
806440802
807464232
809209760
809294315
809779260
810663460
810690418
811546932
811621098
812557733
812611025
814275426
815223415
815914664
816134503
816465302
817056256
817129681
817305964
817894585
817938789
819149727
819233821
819818122
820496865
820974543
821033675
821308845
821312772
821870964
822783102
822863156
822872151
823205271
823579573
823974567
824515569
824745824
824965994
825348411
826229711
827324485
827402749
827958546
828087296
828126943
828391930
828846579
828940288
829224039
829575079
830574787
830671236
830706270
831150852
831229653
832123284
832436720
833205184
833336421
833556989
834122025
834375209
834860262
836482498
836937188
837095470
838027069
838109779
838292043
838714140
839022369
839080125
840111447
841890484
842127873
842309768
842509381
842615292
843482781
844468010
844511937
844583373
845336301
845697786
846023403
846077186
847041890
848693613
848700892
849036592
849580793
850041522
850487072
850766090
851061895
851832862
852126662
852345090
853036712
853094802
854316042
854405154
854758152
855022913
855597772
856094220
856208281
857108957
857381925
857651354
858819102
858885964
859200390
859365423
859384899
860787770
861404946
862829894
863066585
863421894
864751895
865177655
865741384
865946614
866355351
866840022
867814861
868117070
869139998
870535719
871069669
871177342
871670176
872597447
874520449
876468585
877094057
877968793
878860371
879507441
879715628
880189592
880439144
880557323
882997734
884456740
885900108
887595283
890700930
890725006
891234482
891917509
892066906
893158747
893527379
894586332
894795481
895249635
896139253
896898036
898226956
898593514
898618933
898802876
900452333
902310351
902696844
904413225
905183432
906755517
906840653
907024100
907138606
907383485
908179811
908191280
908280168
908339596
908426877
908734029
908778418
909480212
910037565
911040980
911602207
911777644
912087372
912178789
912312300
913352071
913478419
913679010
916261276
916275276
916491129
917523751
918465872
920105826
920691387
920914094
920946228
922120029
922567266
923638851
923968415
924345597
925310913
925796982
926114323
926402121
926617410
926906589
927228757
927441223
928003773
931442581
931532549
931630880
933183121
933282159
933429838
933884722
933948190
934411826
935436673
936596328
937222871
938652290
938682858
939371133
939543638
939978769
940197288
940501590
942363689
943139020
944227150
944533932
945806199
945859435
946163123
946658833
947476133
948325819
948676068
949933953
950912073
951455033
952624517
952817227
953019988
953478639
954081849
954111980
954698332
954815645
955062351
955317117
955610609
955726210
956011642
956355310
956892389
957020602
957513680
958091992
958236877
958409513
958417689
958550523
959047249
959235454
959426288
959956425
960031292
960935342
961574169
962357932
962501698
963139620
963191264
963192903
963287266
963455802
963740302
964280591
965064730
965348869
965865302
966190582
966210263
966309806
966598918
966944948
967943639
967947495
969161211
969394437
970217508
970227791
970414761
970688412
971135616
971440115
971564088
972746519
972888135
973147897
974320333
975163297
975793854
976147913
976776686
976831510
977706214
977752041
979164152
979191358
980226784
982014305
982310506
982459944
983510429
984123839
984364490
984738552
985089720
985772949
986193457
987117215
987257348
987293689
987739977
987904375
988776001
988994184
989001703
989251465
989450807
990849165
991593524
991763796
991830661
991894867
993194844
993722528
993776642
993823979
993972838
994697139
995148851
995319139
996183381
996296219
996370773
996528768
996827330
996947017
997303176
997619742
998967671
999824639
1000362439
1000610063
1000670214
1000911926
1001114852
1003423371
1003762175
1003929530
1003981668
1004180024
1004331738
1006178863
1006255747
1006369889
1006590717
1006637523
1006808722
1006985240
1007457308
1007977140
1008318633
1009636580
1010064283
1010519938
1010848952
1011062233
1012078923
1012436872
1013027254
1014582734
1015718815
1015968390
1017255009
1017593171
1017604876
1018450315
1018456449
1018724487
1019120544
1020086077
1021133489
1021771557
1021856371
1022069451
1022757524
1023386694
1023526192
1023587245
1024037432
1024139617
1025054103
1025080555
1025518636
1028978517
1029458446
1029799440
1030023863
1030985013
1031348280
1031888926
1032886671
1033314263
1033589848
1036463723
1036513664
1036629847
1036960781
1037590649
1039061533
1039226368
1039235778
1040103848
1040863981
1040880148
1040951947
1041259759
1041711840
1042113062
1042214820
1042533547
1042558468
1043178426
1043660641
1044268688
1044790935
1046154252
1046399256
1046525434
1046972873
1047834073
1049468660
1049654927
1049749054
1050925648
1051347647
1051366754
1051530327
1052177298
1052500290
1053847393
1054225244
1054307819
1054308969
1054872717
1055769279
1057764451
1058946111
1059278694
1059438457
1059484799
1060824847
1060889712
1061707931
1064313298
1065105012
1065551813
1066519631
1066661153
1067286585
1067708105
1067899983
1068077551
1069205912
1069251547
1069330731
1071025456
1071071136
1071097646
1071296822
1071507854
1071525588
1072941268
1074185890
1075310551
1075921385
1075979256
1077366836
1077586110
1077627662
1077974389
1078202342
1079785932
1080350086
1080387804
1082425461
1083048222
1083174225
1083802426
1083967211
1084726681
1085337675
1085859283
1086312371
1086413788
1087476588
1088607272
1089103822
1089930540
1091314259
1091370682
1091689626
1091958431
1092165807
1092605751
1094075044
1094142746
1095032884
1095854235
1096300363
1096721779
1096927734
1097351177
1097416568
1097443044
1098519730
1098644752
1100343134
1100897749
1101106760
1101282484
1102200830
1102570552
1102574672
1103173239
1103192326
1103608854
1103629287
1103722822
1104010780
1105558626
1105563346
1105570781
1105812070
1106768291
1106924161
1107466095
1107871035
1108618295
1109568285
1110087378
1110296037
1110412331
1111145885
1112113373
1112635664
1112685967
1113359093
1114265732
1114481464
1114558112
1115485048
1116601802
1116644969
1116889245
1117212061
1118921241
1119552611
1119630207
1119716435
1119849727
1120378759
1120430618
1120905678
1121004272
1122318936
1122729785
1122875365
1123246110
1123563728
1123822927
1124060935
1124329657
1124360997
1124791360
1125152746
1125432624
1126431942
1126569423
1128869274
1128929179
1129421819
1131779903
1131984377
1131990461
1131995826
1132658645
1132867629
1133927304
1135609997
1135627896
1136469574
1136934993
1138692728
1141138905
1142940573
1143508218
1144012441
1144210548
1144646544
1145045529
1145657851
1145732938
1146229290
1147455665
1147623061
1148694641
1148831993
1149644663
1150117890
1150583572
1150634076
1150679374
1150834793
1150837156
1150966191
1151175193
1151932058
1152427726
1152545827
1153710743
1154408145
1156145426
1157068911
1157588811
1157912338
1158060759
1158958780
1160304653
1160452976
1160659092
1161116480
1161695691
1161848881
1162033329
1162079941
1162694628
1163071847
1163640904
1163690957
1163855626
1165974785
1166199897
1166300741
1166353918
1166963391
1167022124
1167915672
1168742884
1169522971
1169751143
1170445950
1171551357
1172406564
1172915883
1173214706
1173889983
1174040054
1175386562
1177158517
1177366090
1177620088
1179889576
1180000435
1181281234
1182297610
1182505137
1182971671
1183885078
1184174454
1184266181
1185740364
1185772666
1185799895
1185812950
1186004199
1186259413
1186454864
1187850868
1188238279
1188437403
1190095952
1190709318
1191237635
1191240893
1192216886
1193468544
1193999912
1195438314
1195727887
1195939838
1196083915
1197088829
1197330951
1197560405
1197851086
1197934007
1198674435
1198740816
1198894700
1199972569
1200474985
1200527837
1200712502
1201017582
1202133190
1202489042
1202526250
1203831507
1203978716
1204778688
1204899505
1205587597
1206779060
1207450699
1207778776
1207940891
1208165814
1208655492
1209924591
1211772346
1213274170
1213906679
1213910337
1213960236
1214766725
1216258416
1216634533
1216948223
1217062483
1217757587
1218451135
1218735199
1219172759
1219591238
1219989878
1220200002
1220452408
1220557989
1220616663
1221890266
1221958228
1223265807
1224120698
1224401925
1225326830
1227313620
1227802352
1228186193
1228376439
1229161896
1229374736
1230255780
1231087841
1231652036
1231653416
1232401768
1233024428
1233889865
1233962839
1234350269
1234484153
1236471178
1237002010
1237512244
1237675403
1238738542
1240164918
1240958798
1241161483
1241278438
1242126815
1242275159
1243161682
1243752151
1244416073
1244507143
1245390569
1246003549
1246112299
1246383977
1247325371
1247442704
1248071893
1248221486
1248616636
1248815829
1249684800
1249843180
1249934793
1250208659
1250418429
1250431822
1250604178
1251460339
1251641822
1251881967
1252870042
1253161479
1253880891
1255035006
1255545138
1255658724
1255832441
1256705673
1257373677
1257918327
1259542030
1259857243
1259993187
1260771810
1260870444
1260873379
1261080739
1261844456
1263555140
1264340547
1265291264
1265376437
1265926067
1266155705
1267389208
1267395335
1268395258
1268605800
1269050009
1269348600
1269694095
1270435006
1270684611
1271607623
1271795198
1272770363
1273136959
1273562632
1273574259
1273610229
1274975090
1275126729
1275382061
1277816672
1278397831
1280218622
1282502638
1282585339
1282778917
1282904687
1283997730
1284318686
1285536548
1285674983
1286561300
1287720290
1288340998
1288527592
1288882394
1289657046
1291364940
1291764774
1291791680
1291854791
1292213372
1292714729
1292808563
1293173084
1294177675
1294458204
1294758094
1294843707
1295629517
1295833801
1295978854
1296888248
1297937075
1298666423
1298873854
1300053165
1300239338
1301012614
1301140718
1301646831
1301876089
1302022756
1303950516
1304582551
1304617152
1304841722
1305750931
1306612784
1306797845
1307219740
1307519487
1307702530
1307986113
1309877397
1310284442
1310295829
1312271729
1313085380
1313557733
1313916317
1314345851
1314526925
1315225293
1316281695
1316735572
1317336662
1317655006
1317926472
1317987642
1319120813
1320067830
1320491745
1320675462
1320923876
1321342838
1321766986
1322577957
1322811578
1323667807
1324349355
1325172462
1325279597
1325853947
1326160997
1326311929
1326821951
1327268585
1328661816
1330080658
1330767822
1331015966
1331037321
1332046638
1333056289
1333681705
1333711699
1334438083
1334685426
1335953547
1336125926
1336256422
1336322517
1336624335
1337939902
1338247971
1338248008
1338464311
1339083598
1339688993
1340114286
1340162406
1340510389
1340929392
1341661553
1342596918
1343008998
1343056961
1343247054
1343719527
1343979655
1344161961
1344174686
1344459311
1344657753
1344871753
1345726884
1345988438
1346246527
1347973306
1349302687
1349564983
1349720633
1350150126
1350646447
1350730932
1350860671
1351413754
1352554531
1352985481
1353097312
1353809092
1353883365
1354223905
1354463346
1355924149
1355949235
1357318551
1358158131
1358286128
1358712861
1358965273
1359438639
1360402433
1361667593
1362084170
1362701292
1362854627
1363086110
1363382606
1363437921
1363703803
1364099155
1364120611
1364605338
1365280251
1367871682
1368292874
1368396281
1369082175
1370865757
1370956631
1371946392
1373029960
1373102985
1373600347
1373796443
1373904520
1373906678
1374715896
1375030440
1375367923
1378373969
1378418814
1379103451
1379268404
1379445509
1380208975
1380864230
1381599740
1381747370
1381900550
1382102071
1383369821
1384353129
1386087127
1387226341
1387495922
1387872582
1389310537
1389614322
1390309036
1390850791
1391137151
1391154949
1391513767
1391687440
1392734848
1392963442
1392979765
1393258519
1393418056
1394344234
1394354940
1395028363
1395600218
1396212204
1397181621
1398026006
1398620699
1399181969
1399526010
1399998834
1401436806
1401663223
1402157740
1402665975
1404526147
1406040957
1406106892
1406184988
1407614402
1407619958
1407946385
1408395737
1408843063
1409098978
1409159588
1410782795
1410855561
1411293608
1411848942
1412119160
1412404348
1414003249
1414336486
1415902301
1416086949
1416353854
1416533000
1416533752
1416788971
1417038319
1419179121
1419792011
1420144505
1420207847
1421784985
1422318633
1423309672
1423988129
1425263961
1425280907
1425384024
1426063605
1426342688
1426459550
1426555589
1426629242
1427110909
1427261340
1429513807
1429698704
1429921101
1430778240
1431119510
1431715130
1432234864
1433449672
1434231090
1434677043
1435617300
1436697361
1437156733
1438799704
1439136323
1439166517
1439286167
1439484259
1439537449
1439566443
1441371486
1442157590
1442190050
1443856777
1443876761
1444405015
1444559391
1444775931
1445337977
1445752973
1445814984
1445904215
1446472839
1447218332
1448499661
1448622282
1448858178
1449483449
1449574072
1449770996
1450075602
1450078268
1450342529
1451595955
1451878106
1451919927
1452954767
1453409522
1454073582
1454867056
1455015265
1456028401
1456335332
1456834196
1458253365
1458332567
1459852250
1459924801
1460311605
1460335258
1460537406
1461024506
1461124910
1461397220
1462434940
1462494919
1466518816
1466796943
1468422591
1469189026
1469336443
1469731888
1469815864
1470337474
1470844894
1472569326
1472834798
1473092811
1473175405
1474332620
1474406986
1474848900
1475562397
1475566426
1476322462
1476391277
1476425389
1476538274
1477283100
1478179661
1478862293
1479205824
1479337927
1479390664
1479560465
1479757696
1480685275
1481345958
1481520016
1482021352
1485461543
1485529441
1485784433
1485794329
1486929887
1487020029
1487622440
1487806208
1490045670
1490596067
1491335669
1492109713
1492247874
1492551844
1492894794
1493240926
1493319329
1493321920
1493518849
1494488925
1495134806
1495632157
1496667075
1496768368
1496884312
1497699484
1497869607
1497964454
1498832493
1498934178
1499167736
1501023675
1501429674
1501822088
1501882479
1502045694
1502725527
1502817394
1503243628
1503298738
1504420502
1505634972
1507838943
1508041655
1509029064
1510928996
1511042981
1511381241
1512672037
1512888166
1512930500
1513205623
1515607720
1515871193
1515936485
1515955270
1516576083
1517384633
1517723424
1517775197
1518004068
1518576731
1519939678
1521521304
1524076838
1524839964
1524865464
1525167364
1525783064
1525972474
1526845252
1527239988
1527302941
1527674142
1527916475
1529201909
1529252892
1530640046
1530641887
1531247702
1531438149
1531674679
1531769887
1533575030
1533627670
1534255930
1534448684
1534607311
1535394797
1535434559
1537554546
1537834778
1538031444
1539432013
1540044905
1540218529
1540320648
1541591694
1542257772
1542398856
1543326926
1543664650
1543701172
1544218888
1544229369
1544502327
1544685486
1546474339
1547770431
1547905863
1548899512
1550148068
1550442207
1550676227
1552153017
1553111748
1554313893
1554957133
1555987812
1557123075
1557961761
1558061756
1558454722
1558557860
1558650067
1559223176
1559733554
1559751693
1559991234
1560253362
1560976835
1561133308
1561189060
1563352373
1563814205
1564086531
1564278631
1566168385
1566801598
1567265189
1567275718
1567562249
1568066149
1568095475
1568123213
1568262868
1568575514
1569348270
1569503991
1570275140
1571279138
1571519351
1572378525
1572822550
1572959933
1573110701
1573480791
1574302448
1574634287
1574841207
1574953765
1575513267
1575885807
1576260808
1577205774
1577506450
1578208287
1579322675
1579386144
1579902272
1580186775
1581574043
1582730432
1583055251
1583089359
1583349112
1584028782
1584039016
1584962667
1585144538
1585375034
1586488605
1586685697
1586821325
1587408824
1587853274
1587962048
1588039785
1588146720
1588671281
1588972817
1589195746
1589297625
1589598993
1590282302
1590304770
1590439383
1590652616
1591426110
1593058958
1593224985
1594458284
1594769514
1595201244
1595432694
1595658071
1595727976
1595856682
1596063824
1596241923
1596421951
1597453256
1598397497
1598591047
1599526182
1601597035
1601676711
1601832989
1601977366
1602006841
1603333382
1603520083
1603718484
1603726745
1603846526
1604011005
1604059728
1604299146
1604369000
1604481511
1604988535
1605616746
1607324530
1608288721
1608353874
1608471389
1608693555
1609471510
1609553101
1609618668
1610384746
1610462662
1610848129
1610910418
1610944455
1611251023
1611368272
1612242248
1613484339
1614118351
1614224167
1614645104
1614980496
1615287816
1616076077
1616461879
1618493528
1618948694
1619082264
1619565990
1619758319
1620050669
1620135600
1620820819
1620959403
1621829239
1623554851
1623590390
1624710273
1626872993
1627152812
1627775158
1630332206
1630697185
1630789482
1633812061
1634476851
1635563740
1635844251
1636089356
1637732634
1637780364
1638226189
1638784571
1638898635
1639164563
1639267518
1639509021
1639698878
1640274032
1640505137
1640613953
1641296477
1641491381
1641551190
1642044694
1642285918
1642533511
1642875263
1642893081
1643594385
1643687355
1643861292
1644332372
1645876761
1645967280
1646221711
1646223401
1647036136
1648248992
1648522402
1648795750
1650200847
1650217909
1650911096
1651173592
1651758944
1651911268
1652080954
1652831165
1652930467
1655659920
1655809485
1656926776
1657459979
1657546848
1657591191
1657863868
1658461611
1660154208
1661344535
1661767723
1662390545
1663481220
1664307005
1664466611
1664602689
1666009592
1667167254
1668155009
1668304724
1669016155
1669299784
1669945694
1670347710
1670353339
1670973869
1671119969
1671121826
1671483748
1671611025
1671674222
1672190371
1672356912
1672548167
1673313341
1673668572
1674016269
1674489822
1676538242
1676796289
1677016722
1677104566
1678624826
1678692486
1679198388
1680410055
1680514308
1681695395
1681769214
1682233392
1683140074
1683349874
1683550122
1684469066
1684598934
1684941735
1685218665
1685299353
1686144940
1686310074
1686390617
1687307561
1688076313
1689615197
1689701884
1690093030
1690430701
1690612213
1692019048
1693173866
1693635133
1694330299
1694715354
1694872442
1695259467
1695350706
1696691826
1696798467
1696908254
1697560717
1697581980
1697981074
1698902068
1698999111
1699510689
1699661600
1700114143
1700750389
1700807946
1701483507
1702181362
1704238114
1705348467
1705390780
1705605477
1705788120
1707444471
1707855184
1707942799
1708142328
1708608304
1709167764
1710230677
1710878931
1711549345
1711783415
1711785084
1711891241
1712077902
1712533505
1713689763
1714031819
1714290315
1715286649
1715322227
1715659948
1715793623
1716522633
1717015910
1717093072
1719369504
1719709350
1720068672
1720297249
1720337804
1722354927
1722396463
1723647133
1723666261
1724409284
1724410096
1725201208
1725367227
1726964171
1727482762
1727680411
1729168264
1729354471
1731798113
1733031238
1733194187
1733480572
1734121261
1734627197
1735909472
1736075892
1737133632
1737339206
1738017365
1738064910
1739606862
1739656853
1740216804
1740328671
1740492630
1740902888
1741115448
1741309455
1741319964
1741482233
1741886890
1741995060
1742437969
1742845602
1743854314
1744502923
1745209162
1745533828
1745839555
1746144450
1747065187
1748690730
1749323440
1749419831
1749448831
1749766223
1750758679
1751261425
1751826537
1754039085
1754195084
1754254619
1754281922
1754563337
1754942590
1755446720
1756325363
1756777822
1756959529
1757437934
1758514285
1759164727
1759564869
1759604365
1759812979
1760150656
1760694184
1760819007
1761957046
1762278395
1762427602
1762504520
1763482323
1763486961
1764010093
1765043866
1765958690
1766147950
1766924059
1767206754
1767267969
1768092867
1768186598
1769196329
1769244530
1770344274
1771517985
1772238937
1772515361
1773060205
1773515651
1774509913
1774564609
1774876530
1775015825
1775799462
1776087450
1776171676
1776936155
1777340001
1778000798
1778815888
1779037397
1779217584
1779522867
1780041109
1780310890
1780957798
1781114185
1781614953
1781868812
1782064699
1782591965
1784079819
1784645122
1785302400
1785333618
1785338612
1785573107
1786283984
1786796620
1788141276
1788673406
1788848515
1789256793
1789513174
1789588481
1789673975
1790306515
1790590459
1790866624
1790939989
1791469833
1792603354
1793199907
1793889474
1794127159
1794201745
1794263082
1794265344
1795467392
1795565317
1796036433
1797062586
1797194836
1797280749
1797337038
1797466655
1797767356
1798057920
1799066668
1799107740
1799375472
1799950819
1800034067
1800407967
1800552270
1801347764
1801657658
1801938102
1802410250
1802727283
1803037574
1803547993
1804562446
1805559709
1805590935
1806787095
1807166776
1807844551
1808381547
1808825821
1809165166
1809249418
1809830854
1810251100
1810279658
1810666790
1810891803
1811582481
1811624023
1812322514
1813220294
1813427864
1813707107
1813868038
1814290525
1814558199
1815068837
1815493980
1815613101
1816670884
1818586696
1818792992
1819170245
1819567785
1819753419
1819757606
1820695418
1823256579
1824457799
1824682947
1824822358
1825568283
1825860526
1825896576
1826391074
1827028313
1827735566
1828263825
1829459001
1829590081
1830380382
1830974087
1831549410
1831587331
1832058214
1832829894
1833362214
1834048177
1834212643
1834682910
1835409279
1835799039
1835921841
1836254238
1836491053
1836600250
1837169177
1837206345
1838300413
1838963966
1839247346
1839364028
1839455230
1840217850
1840832156
1841302962
1841498417
1841562461
1841644527
1841777394
1842197159
1843322387
1844784180
1844918971
1845193436
1845428862
1845883990
1846171433
1846608391
1846641506
1848596572
1848673952
1848684011
1849408087
1849949915
1850008782
1850103380
1850238572
1851026536
1851395069
1851441131
1851835291
1852276397
1852430375
1852503076
1852804682
1853137421
1853184046
1855969848
1856122560
1857105460
1858242523
1859633222
1860228390
1862228650
1862446963
1863224256
1865715118
1865976004
1866413254
1867022373
1867418846
1867453524
1867602545
1867832912
1868764423
1869142918
1869287194
1870722391
1870930256
1871486349
1871754739
1871814845
1872186003
1872277446
1872387448
1872622945
1873217817
1873346759
1873909487
1873984819
1874146508
1875009646
1876736931
1876873711
1877880477
1877891469
1878224669
1878305941
1878751785
1879264400
1879288016
1879450829
1879553299
1880710233
1880828231
1881158538
1882157795
1883843869
1884172816
1885204885
1885655981
1885799944
1886792193
1886974181
1887093631
1887443820
1887521635
1887900188
1888814344
1888888311
1889212422
1890035029
1890294636
1890503421
1890566659
1890921671
1891592219
1891677969
1891877547
1892151508
1892646349
1892954804
1893046127
1893726386
1894468054
1895134980
1896658406
1898208934
1898265113
1898592309
1899270663
1899302210
1899683283
1900554323
1900649807
1901399630
1901870720
1902689104
1904271346
1904349857
1904367759
1904608950
1905365374
1905829347
1906101433
1906322127
1906422676
1906974829
1908169198
1908326619
1908629707
1909242917
1909290374
1909524196
1910288319
1910322214
1911250873
1911955279
1912671932
1913062353
1913347435
1915803503
1915847063
1916004758
1916369030
1916711169
1917864198
1918153968
1920412039
1920413187
1920622610
1920979847
1921198198
1921573462
1922700588
1923345119
1923401779
1923571050
1924312102
1924325531
1924427972
1924601877
1924655029
1924690691
1925045956
1926486975
1927487931
1927928512
1928358897
1931049405
1931243465
1932000785
1933056337
1933087204
1933123952
1933175257
1934086431
1934876694
1935197150
1935824642
1936121328
1936257798
1937333033
1937462755
1939451911
1939931380
1940406085
1940458648
1941755080
1941849736
1943358645
1943835993
1944112778
1944344965
1944694075
1945336955
1945381940
1945715686
1946787226
1947083340
1947517182
1948540301
1948590654
1948767820
1949073767
1950597435
1951404167
1951556032
1951959430
1953877187
1954333648
1955436557
1955563507
1955679186
1956327198
1957213802
1957450250
1957699815
1958331524
1959239906
1959445534
1959933277
1960292925
1961095667
1962101251
1962266847
1963399370
1964226357
1964342668
1966027532
1966196388
1967574068
1967866121
1970158341
1970158552
1970305875
1970962909
1971774435
1973018985
1973719676
1975771016
1976075223
1977004831
1977821988
1978403376
1978962310
1979092053
1979546153
1979989139
1980281988
1981413403
1982438107
1982764302
1982943612
1983290193
1983408339
1983454005
1984492986
1985271038
1985375714
1985778613
1985867239
1986512269
1988267625
1988390625
1988715102
1989499288
1989782988
1990115720
1990281999
1990347864
1990753171
1992017506
1993883859
1995395225
1995962667
1997507372
1999031617
2000272946
2000446975
2000703138
2001277621
2001447105
2002154076
2002600000
2002794475
2002843096
2003251918
2004131662
2004351710
2004356146
2005313443
2005770803
2005826478
2005876865
2006362454
2006526750
2007631879
2009264202
2009556682
2010413064
2013696577
2013887114
2014623477
2014714234
2014745237
2015522968
2015564582
2016248331
2017010274
2017016180
2017675851
2019040167
2019482983
2019608188
2019721800
2020044300
2020435505
2020615554
2021155772
2021330606
2021723504
2022709283
2022917994
2023415242
2023788690
2023980797
2023997381
2024111306
2027125874
2028408935
2028618950
2029274747
2029282274
2031219775
2032096699
2033663494
2034694489
2034712468
2036158198
2036855672
2037506381
2037629919
2038592944
2038821901
2039153996
2040335141
2040769861
2041099390
2042597467
2043009550
2043523417
2043777309
2044616999
2045893401
2046093352
2046315851
2046324909
2046404334
2047083797
2047844172
2048288055
2048323167
2048758966
2048879536
2048911512
2049751555
2050564665
2051247545
2051338292
2051826700
2052403844
2053273997
2053561077
2056450016
2056655501
2056675020
2058436385
2058520820
2059314321
2059774747
2060633936
2061030553
2061238033
2061918656
2061932909
2062317027
2063822146
2063989319
2064690798
2065233013
2065654128
2066568212
2066654638
2067031755
2067227513
2067256310
2067739135
2067861944
2068165825
2068623845
2069289210
2072572501
2073415822
2073460780
2073719445
2073760358
2074149570
2074448522
2074738732
2074895055
2076511394
2076976737
2077052662
2077277084
2077322101
2077777176
2079828972
2080138084
2080362219
2081335868
2081566152
2081815509
2082080404
2082590961
2082853176
2082924792
2083970509
2084199970
2084442830
2084978717
2085212375
2085886001
2087110930
2087597410
2087603794
2087812748
2088814152
2089231071
2089621458
2090588889
2090990539
2092154334
2092269320
2092499226
2092651216
2092780785
2093323434
2094236276
2095009104
2096685721
2097185045
2097565158
2097833205
2098117105
2099022047
2099210460
2100801481
2101009731
2101155272
2102089586
2102377839
2102767253
2102796463
2102955373
2105317517
2105638968
2106020446
2107145836
2107502170
2108125516
2108291996
2108301599
2109420990
2110637105
2110952475
2111491700
2111543680
2111865182
2112004334
2112503444
2114166889
2114782496
2114794854
2115124033
2116479991
2116522020
2117579025
2117908989
2118233335
2118246914
2118696957
2119756219
2119875635
2120355528
2120602844
2123383400
2124173000
2124193841
2124279232
2125566485
2126249690
2126749744
2127756847
2127940134
2128981412
2129192242
2129249207
2129298953
2129432582
2129901220
2129910876
2130245970
2130474407
2130801092
2131035825
2131319413
2131365139
2131977509
2132616375
2133177648
2133209910
2133411478
2133509641
2133854613
2133919424
2134971475
2134980736
2135704743
2135898040
2136253190
2136478867
2136707562
2137621426
2137686993
2137954008
2138438338
2138460941
2139370548
2140168132
2140292352
2140466804
2140496568
2140817037
2140889436
2142220840
2142282400
2142442450
2143926855
2143934954
2144015497
2144096522
2144649617
2145316020
2145621329
2146396095
