7587
201102
454694
541365
2073126
2258823
2316758
2379203
2436318
3572953
3950663
4689479
5694022
6018351
7354753
7859500
7916235
9178558
9274328
9426185
10246764
10869123
11037469
11301098
12144040
13147723
13367409
13901632
13921272
14091774
14302820
15462355
18231284
20130723
21145200
21768678
21930053
22503657
23435054
23810157
23924696
23956030
24388646
24742987
25591976
26796457
27028393
27180084
27283794
27387756
27568608
27586081
27738402
27938920
28339569
29166240
29369435
30552529
31308652
32046333
32659771
33070432
33457423
33836174
34300040
34649888
37072051
37283350
38544146
38558553
38919043
39241466
39354521
39424008
40718277
41126374
41355105
41980409
43399154
43728288
43856365
43879592
44275504
44382398
45509505
46380740
46533992
46642518
47937530
48305424
49426834
50543555
51284866
51387950
51504300
51512634
52660669
54139146
55339094
55352651
55869223
57435963
57506471
58706220
59224733
59392327
59559836
59594252
59690833
60212895
60809633
61045688
61078432
61322535
61388202
62407581
63523578
63707109
64396773
65215523
65543718
66202528
66845830
67662198
68731420
69248884
69252468
69975837
70092472
70164712
70300568
70399281
71044730
71907063
71913430
72205556
72421311
72672415
73721415
73749247
75312175
75700232
75730873
76244354
76638439
76888747
77117433
78436844
78878295
78978357
79055792
79123990
79136962
79202605
80692968
80944655
81155487
81958635
82428263
82494833
83135442
83932421
83943151
84145467
84504916
85634760
85644360
85928580
86844661
87341850
89419835
90058304
90236455
91200158
91219086
91442429
92138183
92804538
92937627
93189289
93598289
94645091
95980599
97387939
97443376
97881685
98696813
98786098
99250534
99465662
100960041
101978303
102262853
102958076
103663970
103848065
104104749
104564024
104869834
105829452
105901362
106341101
106412842
106790817
107237893
107769602
107861192
109157524
109923283
110157547
110296680
110723608
111230539
111426989
112047308
113362977
113766450
113795260
113899370
114989103
116329618
116393744
116484880
116553219
116562176
116989753
117345332
117605881
118580766
119262941
119305765
119431267
119659305
119976719
120125731
120479302
120503883
121802089
121832724
122606746
123341363
123539109
124825688
125070435
125077583
125611374
125874646
126301913
126439785
126683652
126687172
126757354
128004876
128399764
128807965
130887546
133573395
134541274
134567370
135012888
136126482
136692381
136795086
137631536
138378426
138461134
138986692
139646203
140133192
140439181
140800428
140827098
141278478
141797790
141830549
142041954
143375563
143900381
144429663
144939190
145411203
145636997
146151950
146810112
147076257
147227914
147553538
147733177
150693845
150694846
150709328
150863142
151461701
151565609
152365635
152619207
153399202
154123841
154219540
154698079
154910300
156692947
156816009
158026961
158132172
158552686
158807033
159186061
159683620
159707140
160568212
161181518
162179139
162939459
166022383
166707868
166916746
167212363
168829724
168861058
169384548
171144189
172521822
172619472
174580044
175128988
175491405
175629488
176097613
176704925
177500314
177607108
177751106
178042795
178258320
178354468
178928073
180207660
180320488
180409338
180668144
182206676
182990530
183333015
185161726
185400435
185463574
185669449
186866878
186888389
186941376
187691148
187906794
188159688
189631252
192730635
192822867
193574679
194904122
195160497
196499687
197444848
198351375
198487059
198651547
198859226
199951108
200602394
201179280
201188853
201620036
202172476
203798654
204593327
204821632
205807642
206062945
206076895
206826877
206924527
207329856
209872582
210421149
211358566
211407911
212002972
212338138
213336644
213400426
214079710
214199284
215397486
215618733
215981018
216682541
216959707
217458585
217825649
218299600
218620060
219770047
219782851
220018223
221078420
222446663
222607306
223044202
223198522
223332410
223383090
224114667
224765287
225152893
225241465
225430007
225492717
226238124
226394187
226416451
226955008
227429205
227936274
228506602
228509546
229500334
229714837
229761961
230034483
232187101
232776430
232855713
233857156
234957788
235953817
235997615
236317778
237093872
237159848
238407862
239605229
239932854
240040207
240449005
240597591
240800827
240923933
241187339
241193569
241842191
243563095
244040592
244210365
244585227
246100998
247307786
247317950
247559807
248129493
248432242
248538635
248710076
249304011
250027292
250103215
251026174
251031340
251567217
251782948
252034689
253560007
253740808
254254742
254733756
254801371
255237447
255527741
256452546
256563108
256869996
257583897
258208042
258576170
258602456
258743748
258886631
258958069
259077128
259128402
259159457
259729980
260488324
261592419
261735061
262024790
262498679
262688467
262717555
262837602
263840651
264770385
264810207
264845489
266797769
266839845
267170446
267252945
267288435
267840859
268470981
269367905
269456911
270040772
270107185
271215781
271476462
271608930
271932677
272392203
272570649
272844181
273069324
274201442
274206622
274637074
275815003
276584592
276851767
277032207
277211601
277479004
278275554
278337296
279535143
280517536
280624635
280734111
280857198
280989323
281458940
281581156
281622566
281665037
282469567
282617892
283155549
283177377
284063292
284442719
284684324
286295964
286498624
286542044
287104921
287179247
288639002
288651764
289166988
289198942
289239353
291339223
291875536
292450680
293622572
294313022
295049288
296039263
296418285
297257822
298240345
298542027
298846294
299220829
299830109
301570653
302892548
302967714
304026961
305088004
305095529
305527427
305831035
305900257
306719334
307676943
308209361
308350814
308765746
308895165
309670577
311427680
311563103
312588407
313098353
313634657
313785655
315428113
315845922
316379026
316590684
316960125
318194665
318368360
318498804
319435716
319815065
320070167
320224352
320658810
321172629
322601209
322713091
323634735
325291448
325762091
326175138
326475606
326695553
327794138
327948119
329040818
329460580
330783808
330877556
331237695
331864892
332336949
332685474
332934474
333070561
333483568
334208873
334721886
335557758
335631992
336282498
336390493
336521755
337033394
337136149
337375928
338234071
339007915
339649987
339819399
340061232
340647462
340703661
340969295
341022955
341421246
341469722
341487996
342845362
343464638
343579489
343648513
343866749
344142676
344258509
345946330
346148855
346839943
346876515
347784500
349591205
349852194
349971352
350424835
350985305
351690919
352324219
354492500
354879124
355627373
356106716
356262647
356770238
357828691
358235394
358782541
359526205
361008821
361791852
361936496
363117630
363789424
364516327
364872478
365621164
366240431
366514157
366616970
367013027
367325651
368817513
368896328
369470482
369624186
370538739
370713608
370875584
371237424
371405712
371549771
371954937
372566322
373257185
373740867
373861720
374078504
374121596
374137707
374598461
375067373
375448073
375511976
377068310
377497166
378610374
378973077
380711019
381016771
381055289
381449773
382196562
382612169
383249633
384595106
385219383
385663280
385996299
386485898
387084626
387372197
387754670
388115939
388291375
389230882
391618447
392183315
392375223
392856723
392916927
393667835
395614892
396415507
396865422
397314968
397507938
399741606
399944256
400165109
400503582
400941086
402260484
402388286
404126507
404592599
404910196
406326331
406771630
406994693
407021098
407754703
407896972
408493612
409166167
409448599
409456740
409852875
410863204
411169883
411878901
412199469
412691674
413179910
413640035
413746354
413771046
414124927
415617082
415903740
415946212
415971784
416262171
416816596
417025633
417569962
418507670
418610582
419675705
420476998
420542095
420966550
420978689
421061542
421605890
421632719
421739754
421781170
421997799
422101579
422378293
422398299
422906440
423315876
423389832
423440810
424336276
424478543
424555173
424849210
425022275
425704012
425996896
426136453
427031473
427327598
427561058
428702497
431609082
431691029
432189190
433287512
434345230
434527110
434558579
434722998
436147587
436287631
436637493
436857466
436915681
438011130
439135903
439379545
440516435
441676059
442016763
442068800
442202058
442765086
443024365
443382794
443599129
444536335
445166326
445490363
446498717
446989956
447427015
447607550
447993018
448088902
448255484
448379750
450205924
450500870
450537323
450749692
451201016
452623465
452632752
452641543
453245469
454131974
454710819
455051614
455488663
455534887
455742340
456812485
457270434
457414513
457498394
457679024
458600900
459499613
459765696
460079930
460224844
460388624
462110978
462298864
462396559
462685348
462830278
464241343
464601029
465931148
466196197
467109262
467675210
467954142
468567512
468809264
468870619
469089881
469999371
470395810
470713667
473080622
473990985
474658542
475067618
475258520
475596083
476397466
476578389
478030296
478631004
478668874
478742414
479018260
479748851
481358930
482396711
482423757
484149540
484760001
486499620
487035028
487384341
487824898
488122813
488746670
488760691
489105145
489448655
489841561
490006330
493346506
493643821
493718275
495289100
497491477
497901034
498316768
498929630
499215424
499498554
499517048
499612328
500450086
500579403
501117647
501142503
501155995
502582963
503539600
503999713
504121441
504744365
504818220
505122159
505150370
505241743
505280574
505511412
506165828
506183562
506411099
506436997
506785244
507111707
507378296
507707335
507788710
509596372
510783969
510812018
511230014
511584231
511710771
511786515
511981027
512189351
512475683
512535202
514202544
515314320
516160810
516528458
517563775
517871114
518890454
519263767
520041982
520303137
520545539
520976927
521115170
521654241
522565824
523354680
523982602
524418460
525531487
528475533
528964495
529172202
530003614
530029374
530361616
530747056
531159409
531411122
531534417
532426196
533031803
533231330
533251910
534000759
534468264
534820817
534948018
535605518
535802642
535961730
536776257
537540146
537615519
538474191
538667781
539878052
540068517
540563306
540897007
541204144
541947897
542999056
544077973
544984322
545562885
545700157
545913279
546198231
546309739
546430985
546957307
547077590
547747280
548149301
548423804
549177229
551152139
551656151
551905438
552522343
553126314
554602192
554806009
554913228
555572455
556846432
556881564
557128071
557903920
558397228
558586409
559352798
559842821
560067799
560333647
561106661
561314763
561616884
561759706
561951555
562234427
562409469
563736372
564185453
564624100
564763774
565469723
565928166
565988675
566991245
568012340
568408800
568563159
569406700
570276610
571351415
571994865
572409616
572704424
573194630
574102851
575683392
578992717
579405035
579610183
579745970
580534713
580777710
581991113
582578703
584102278
585831039
586205481
586242305
587028017
587097357
587117257
587150346
588070084
589155628
589346056
589477530
590632313
590870301
592242452
593521235
594063387
594468071
594857954
595247214
595328285
596276146
596644583
597078457
597086538
597282181
597864252
598472242
598718607
599238948
600676361
600990819
601156455
601405101
602906030
603004214
603210652
603218239
603386344
604061818
605187589
605421770
606250906
606490123
607733156
608134163
608854119
609544719
609805767
610895502
610985181
611516427
611585697
611645920
614085408
614160411
614311817
614320228
614505480
616124870
616611595
617163318
617396668
617811360
617947673
618233603
618668251
619195658
619709227
620472257
620524679
620534995
621023993
621066044
621227824
622663390
623017489
623646203
624091477
625534415
626090918
627356384
627534734
627826709
627909203
628333833
628997563
631736956
631813393
631889905
632310406
632741770
632868446
632886762
632906232
633353079
634869612
635468348
635793623
636143978
637941025
638683742
639220305
639283875
639680896
640400117
640507503
640513831
640522258
640682457
641499808
641583544
641981718
642413280
643001254
643240715
643392690
644102821
644855691
645685681
646158196
646499875
646701025
647496342
648176534
648255366
648850843
649086537
649172298
650503029
650938609
651168017
651272316
652306360
652728170
652773016
652774465
652823705
652845938
652930079
653302723
654042833
654807604
655210083
655408464
655437457
655931436
656255536
657143819
657317529
657429706
660059828
660527883
660551820
660810759
661068768
661670999
662028234
662184554
662197502
662365553
662984124
663052290
664054623
665372392
665718734
666016788
666152796
666257949
666956470
667032687
667427286
667448026
667528977
667548904
667987733
668467791
669229451
669848315
670146589
671033695
671270917
671321180
672543346
673898079
673918931
675487382
675660990
676114152
677048119
677754508
677828021
677869502
677898972
678340714
678375911
680877546
681717290
682262504
682833432
682960013
683382617
685250624
686064283
686379919
686559530
686598091
686811952
687826201
688137380
688157023
688953655
689319640
689357645
690094957
690243187
690684444
690971912
691743320
694537199
694855740
694943289
695078014
695230974
695965309
696136873
696994545
697144776
697731371
697739534
698343033
698845034
699186968
699787898
701304174
701365502
701666231
703712819
704867363
704899920
705570960
705962983
708925699
708997861
709202836
709887182
710670674
711240157
711300582
712144322
715233782
715410358
716376562
716388413
716410462
716497021
716529884
717612736
717662841
718552579
718992977
720365719
721017810
721094446
721873851
722582376
723004189
723325105
725553831
726488344
726808559
726944405
727436078
727543453
728039713
728691591
729373617
730182424
731457326
732088771
732589622
733130286
733344536
734195486
734437319
734587527
736019617
737311074
737743891
737994137
738833868
739316827
739842191
740249328
740941363
741598352
742127363
743170591
744845840
745789434
746176091
747191198
747212094
747468649
748348374
749073242
750854559
751141860
751181552
751339127
751834533
753123937
753395469
753595188
753722745
753924226
754558117
754953006
756014342
756837121
757815282
757996618
758116720
758200090
759704338
760175977
760451962
760868263
760888217
760894263
762189012
763269266
763276931
763946480
764438938
764473301
764585178
765688232
766324608
766864446
766886539
769358192
769479562
769809267
770084989
770106014
770965303
771433459
772454226
772740254
773040339
773106115
773666544
774671865
775562964
775636193
775725121
775983302
776274381
776681290
777625447
777952538
778385403
779331614
780881020
781175113
781313149
782203444
782831558
782987624
783006495
783749904
783960989
784564623
785914671
786766535
787357966
787422767
787588573
787636868
789526199
791091219
791240746
791313456
791396723
792092129
792124596
792805292
793228795
793541918
794033937
794546266
794778172
795395748
795553220
797619743
797648656
797825448
799528860
800743642
800775686
800919278
800947756
800994250
801548638
802617037
802832019
802924847
803383072
803603185
803771384
804095798
804151695
805568823
805971485
806023969
806045868
806587140
806820196
806916164
807698959
808798260
809301560
809532086
810459630
811378797
812851496
813740299
814227902
815001565
815571099
815942925
816569382
816632645
816887050
816914114
817203665
817631319
818468585
819097226
819104628
819402640
820020634
820564305
820676048
821276207
821964407
822517457
823576592
824603807
824906622
824973700
825688369
825942548
826224027
827145640
827307306
827573320
827907134
828024589
829159935
829977427
830056381
830254400
830364852
830928057
832118009
832126207
833429924
833920035
834136083
834256550
834675371
836636529
836986303
837735083
838181481
838284850
838945644
839397485
839530471
840108393
840468826
840756587
840950092
841507754
841734326
841804064
842655858
843028046
843391484
843745051
844592523
845131906
845293251
845742528
847760773
848400211
848742765
848983753
849316385
849651715
849953936
850436662
851097136
851511512
851979557
852536786
852830091
852948568
854870998
854979152
855378671
855449737
856251982
857105080
857632105
858496586
858965712
859009736
859131042
859166105
859728616
860452265
860545069
861279929
861700197
862743091
862765100
863213137
863310534
863682273
863773013
863899342
864131026
865290809
866195367
868008159
868325079
868409415
868549080
869236714
870196640
871325365
872202415
872250032
874430053
874637225
874997096
875135736
877178639
877424678
877715738
877917270
877977906
878265201
878459199
878629648
878703845
880187055
881808890
881924716
882051672
882359261
882553813
882869972
883070138
883360178
883583962
885291177
885843072
886312673
887298506
888254799
888695509
889526420
891738559
891861319
892053671
892128935
892846405
894019358
894768251
895060972
895821477
897037499
897259285
897847460
898050085
899224138
899400795
900130716
901193868
902288599
902823480
903516123
903891094
904057657
904066658
905087829
905156484
906057371
906290087
906717308
907196335
907257187
907332434
907354992
908056874
908991344
909173120
911404616
911643951
912182047
912606434
913478660
914054658
916041867
916312374
916859334
917693879
917813827
918225268
918552231
918559964
918708990
919031650
920821314
921730919
922761197
922806989
923331090
924033724
925078524
926284865
926455961
926677306
926842683
928059839
928753103
929597034
929669969
929804129
929971833
930148267
933469642
933549849
934030616
934070915
934930776
935061297
935163945
935244300
935978570
936967768
937715437
937881592
937991961
938055181
939738014
941687281
942015265
942229969
942625957
942787041
943243163
944377646
944378587
944866517
945358198
946973407
948834945
948844332
948921037
949706087
949718614
949914111
950078938
950118643
951405036
951607939
952068757
952912438
953910382
954096285
954358941
954563232
955639515
956467684
956482042
957276879
957953919
958688700
960134376
960924079
961631242
961669631
962503476
962585362
963353614
963387520
963408195
963541095
964000948
964613657
966329906
966932085
968267567
968932062
969163431
969285750
969433456
969510399
969843915
969966686
969990474
970052590
970078656
970142311
970474496
970526390
970728736
970861460
973062925
973628215
974742069
974751257
976194609
976368021
976995064
979190544
979206439
980059835
982129237
982428907
982758186
983647769
984550334
984816603
986031202
987846573
988188484
988480984
988956573
989618157
989895191
990968444
991170400
991360933
992092376
992278629
992446219
992897073
993140379
993486494
993604461
993723899
993984433
994074173
994349388
995174240
995237883
995584795
995735056
996611070
996812819
997149757
1000604913
1000692778
1001759644
1001909611
1002812562
1004114542
1005429555
1005561385
1007858813
1008849456
1009098459
1009519769
1009826830
1009966726
1010095286
1010178184
1010894818
1011886852
1012411623
1012507122
1013257649
1013543731
1013927044
1016266869
1017031617
1017063456
1017070274
1017639204
1017882961
1018057146
1019044375
1019952281
1020085303
1021254484
1021683922
1022894664
1023493909
1024492053
1025333558
1025336168
1026817817
1026965606
1027699312
1028793317
1028922251
1029804926
1030296753
1030310081
1031100198
1031880847
1032074518
1032303001
1032509477
1032930743
1033538309
1034153265
1035385185
1036167340
1036581546
1036975086
1037048453
1037203935
1037534258
1037929707
1037958441
1037995160
1039044276
1039737753
1039877624
1040794928
1040812481
1041488009
1041960300
1043444932
1044046407
1044210902
1044769958
1046413043
1046565333
1047014573
1047313978
1048125328
1048306659
1048764827
1049035760
1049671999
1050385762
1050737317
1050941445
1051242628
1052121908
1052326232
1053090680
1053239418
1054651726
1056897157
1057215317
1057824761
1059277128
1059578715
1060291967
1060740459
1060960873
1063072375
1063212584
1064614836
1065329935
1065357001
1065949485
1066074653
1066650374
1067550768
1067634605
1067956801
1068266432
1068369971
1068610554
1069114031
1070524166
1070774361
1070847922
1070924495
1072420221
1072518617
1072541586
1073331700
1073687700
1075208565
1076509777
1076740185
1077176793
1077311662
1077451365
1077475610
1079019682
1079652697
1080050207
1080258644
1080741496
1082187705
1082429359
1083070260
1083262037
1083899599
1085649291
1085700776
1086022746
1086412553
1086986084
1088101006
1088525000
1088920603
1088966514
1089644278
1090020153
1090445036
1090937440
1092673899
1093293945
1093800490
1093811886
1094190714
1095052740
1095135237
1095452260
1095598080
1096560422
1096681704
1097246988
1097597079
1097818862
1097945076
1098911590
1099010640
1099324109
1100964610
1101400381
1101681160
1102036053
1102607107
1102993870
1103772956
1104035860
1104043277
1105411028
1106053221
1106299412
1107657087
1108120159
1108425390
1109082719
1109135712
1109257304
1110071554
1110089991
1110537380
1111014081
1113188400
1115002977
1115312109
1115623127
1115748498
1116092508
1116308559
1117151629
1117503839
1118383581
1118392207
1120038636
1120564890
1120932912
1121958265
1122340066
1122963776
1124292780
1124455133
1125776403
1127197806
1127832494
1127891323
1128328369
1129361887
1130039646
1130335113
1131625957
1132156974
1132284460
1132772836
1132934841
1134279563
1134443154
1135083519
1135126991
1135370644
1135432057
1136865934
1137078318
1138106580
1138466092
1139546260
1141193263
1141247342
1141798642
1141821686
1142438190
1142815201
1142976596
1143401045
1143496324
1143607814
1144113849
1145525800
1146236054
1146635664
1146819269
1147282787
1148152645
1148873634
1149219921
1150341478
1151483189
1151628289
1152483267
1152666158
1153516735
1155004975
1155795995
1156490872
1156842902
1156962199
1158416669
1158768059
1159684656
1159793825
1159809693
1160263911
1160822910
1161313300
1164292613
1164460918
1164956008
1165703160
1165957829
1166908187
1167787255
1168439520
1168488082
1170139269
1170859938
1171401523
1172070906
1172821670
1173294438
1174511442
1174686019
1175150949
1175627888
1175917541
1177296665
1178886929
1179115912
1179545282
1179771784
1179910707
1180761763
1181454852
1181879591
1182310951
1182936390
1184185588
1185162635
1186087312
1186144752
1187462360
1187606686
1188606460
1188766227
1189227445
1189710715
1190822994
1192324698
1192546898
1193601878
1195396053
1196158743
1197430900
1199081092
1199249350
1199609300
1199672932
1200689346
1200999689
1201031703
1201178389
1201659045
1202469327
1203235511
1203308556
1203340221
1205984438
1206106265
1206478846
1206879953
1207255433
1208160668
1208884472
1209366062
1209856471
1210604574
1210672156
1211096250
1211798469
1212146565
1212266513
1212375314
1212685502
1212954891
1213873185
1214943728
1215044735
1215237741
1215354839
1215781905
1215899775
1216037480
1217023108
1218261895
1218276910
1218910991
1218969731
1219185239
1220782584
1221568620
1221722136
1221855527
1222193480
1222449682
1222533246
1225059827
1225607880
1225673504
1225918421
1226817342
1228182342
1229819191
1230129330
1230589158
1230849400
1232745335
1233709281
1235845477
1236372232
1236382656
1236972973
1237039723
1237245596
1238455782
1238594706
1239853563
1239979234
1240127502
1240206820
1240793828
1241555979
1241776243
1243559303
1243876747
1244181316
1244610628
1244995317
1245852534
1246121780
1246411066
1246672206
1247094856
1247875045
1248443817
1249118080
1249141089
1249555955
1250054097
1250567369
1250785585
1250893724
1251789721
1251843911
1252494240
1252592147
1253797036
1253831255
1253913878
1254299639
1255119450
1255385806
1255498269
1255904381
1255962459
1256275022
1257367438
1257654333
1258129337
1259044597
1259480282
1260289538
1260376969
1260462755
1260540344
1260995039
1261008235
1261264076
1261406173
1261459182
1262767357
1263133374
1263422500
1266428846
1267504224
1267643108
1267893954
1269801089
1269939925
1270928369
1271156413
1271500225
1271572953
1271616557
1271817660
1272329621
1275198868
1276231407
1277812408
1278545353
1278696029
1279198087
1279581696
1280166945
1280681996
1281417347
1281717138
1281745126
1282828512
1282949087
1283843543
1284161170
1284509104
1284560153
1285736188
1288144134
1288892381
1289140143
1289337542
1291116648
1291351088
1291379306
1292358430
1292363637
1293548644
1293583835
1294579346
1294676571
1295157805
1295222269
1295729618
1295940397
1296244962
1296826947
1296930183
1297702845
1298985711
1299980631
1301317432
1302841174
1302952199
1303248318
1304181249
1304483232
1305186603
1305357422
1305859018
1306248421
1306920678
1307357477
1307416962
1307649649
1308025456
1308968109
1309010445
1309297033
1310322924
1311203937
1311567728
1311644845
1313282662
1314045395
1314557333
1315508635
1315624560
1316303632
1317660435
1317836539
1318537099
1318863125
1318969570
1318985329
1320485244
1322005211
1322250901
1323445013
1324089892
1324840888
1325255877
1325393663
1325700631
1327074440
1328457082
1328800037
1329130884
1329240499
1329380431
1329426968
1329857139
1330836994
1331355771
1332104513
1332558583
1332771973
1332778004
1333364888
1333454122
1333869379
1334088481
1335685150
1336077626
1336235506
1337944958
1337988980
1338495543
1338825197
1340227929
1340690657
1340806140
1341276686
1342195266
1343581580
1343695570
1345137096
1345641754
1346130436
1346532960
1347708596
1347868295
1349310462
1350851767
1350909267
1351151157
1351501318
1351607255
1351725766
1352027119
1352353779
1352371969
1352556088
1354570915
1354997477
1355082994
1355952820
1357084443
1357333637
1359436443
1360252975
1361253762
1362097621
1363341331
1363483521
1364162560
1364628268
1365593092
1365806870
1366358660
1369547111
1369642292
1369979840
1370758105
1372022014
1372674989
1374289740
1375123727
1375740565
1376228757
1376254930
1377215166
1377838356
1378990716
1379084304
1379100728
1379334668
1381139889
1381366496
1381508672
1381944700
1382060678
1382443045
1382793574
1384233586
1385456360
1385482363
1385588198
1385740356
1386149506
1386395255
1386814988
1386845738
1386891614
1387245874
1387270054
1387322113
1387821583
1387982480
1389042948
1389402967
1389599358
1389965656
1390699042
1390776819
1391181869
1391824317
1392189732
1392693565
1393178436
1394033307
1394099927
1394286448
1394327291
1394665898
1394976577
1395259489
1395291665
1395676033
1396467382
1396491434
1396643348
1396680113
1396875011
1396940788
1397102120
1397295172
1398031750
1398568559
1398784140
1399703018
1400454145
1400796322
1401163343
1401696099
1401705604
1401737581
1402318869
1402332348
1402614281
1402920304
1403946542
1404085586
1404150622
1405446288
1405790894
1405954019
1406337560
1406812216
1407469795
1407621226
1408054828
1408465257
1408583037
1408953214
1410094081
1410312684
1410488546
1410914454
1412210132
1412961072
1413017611
1413671142
1413942215
1414144828
1414411050
1414449195
1415468252
1416102193
1416958934
1417904155
1417971045
1418426966
1419749470
1420650975
1421126510
1422292945
1422613039
1423169907
1423401136
1425049714
1425771712
1426242969
1426914095
1427625263
1428447137
1428678648
1429043841
1431176418
1431404295
1431746225
1431962597
1433664287
1433899453
1434536357
1435112554
1435349119
1435504075
1436975266
1437243904
1437474997
1438865314
1440034524
1440614598
1440766222
1441016258
1441298510
1441364546
1442168950
1445655146
1445804224
1447030198
1447768749
1447846900
1448506850
1448989753
1449535162
1449672136
1450013545
1450813441
1451562037
1452004880
1452854896
1453494231
1455306615
1455711587
1456144082
1457377215
1458148900
1458413922
1458505754
1458778234
1459133982
1459379462
1460201420
1460387114
1462201286
1462766764
1462847647
1463119519
1463773523
1464054394
1464550629
1466076370
1467673971
1467775893
1468427560
1468578884
1468738972
1468773981
1469381677
1469869015
1470120113
1470242586
1471255418
1471357569
1473487602
1473518474
1473993620
1474274502
1474330593
1474631463
1475819084
1475922203
1476210058
1476881720
1477903172
1478636532
1478778365
1479625722
1480069178
1480080231
1480524998
1481036541
1481594655
1482651870
1482823366
1482832193
1483350547
1484023737
1484794207
1485307265
1485456846
1487310310
1487589973
1487755300
1487865776
1488039351
1488056910
1489442654
1490434888
1491335511
1491466388
1491571320
1491781300
1492252000
1492647193
1493126795
1493899419
1494761632
1494944850
1495046330
1495193252
1496271188
1496559341
1496681138
1498647398
1498696862
1498844279
1499931458
1500471467
1500499797
1500846366
1502543527
1502776264
1502848865
1503014990
1503073638
1503701310
1504873369
1505019081
1505086455
1505986258
1506052925
1506504009
1506551144
1506988965
1507601476
1508319330
1509200383
1509328210
1509684959
1509692546
1509779076
1510005256
1510145071
1510871528
1511619382
1512256828
1513074319
1513758346
1514522703
1515149644
1515391853
1515473170
1515662349
1518562227
1518586559
1519701237
1520300887
1520837104
1520929928
1521056844
1521070759
1521511659
1521828394
1521893336
1521944873
1522304821
1523842600
1523936596
1523953797
1524593003
1525158164
1526164629
1526299576
1526821865
1527001067
1527199236
1528010991
1528196407
1528396391
1529607618
1529821268
1530181463
1530555988
1530884231
1531151533
1531740545
1532758245
1532823490
1532828244
1533222004
1533233009
1533395700
1533834339
1534403151
1534455007
1534589860
1535049497
1535640386
1535944393
1535993149
1536516650
1537508077
1537950160
1538277327
1538774293
1539097938
1539098474
1539206812
1539508489
1540259474
1541420130
1541730358
1541851149
1541951561
1543096528
1543228764
1544110143
1545200987
1545348068
1547240854
1547707242
1547767760
1548097878
1548365955
1549176916
1549519324
1549854178
1550770526
1550883486
1551032377
1551265659
1551591016
1552560614
1552860953
1553178377
1553443629
1554129767
1554183413
1554257821
1554446671
1554653479
1554793546
1555268634
1555289493
1555563845
1555615087
1556071966
1557020965
1557061245
1557959227
1558134944
1558693712
1559142387
1560007356
1560933752
1561714696
1561998218
1562602043
1562932655
1563387889
1563909403
1563957364
1564024804
1564987833
1565853468
1567291003
1567381123
1567838082
1568083542
1568571881
1569007361
1569255937
1569359050
1569482599
1570155055
1570761329
1572078552
1573084653
1574504109
1576057411
1576514010
1576936374
1577151887
1577713318
1577754323
1578109669
1579862077
1580158101
1581317980
1582023657
1582212009
1583692148
1584048118
1584088632
1584278997
1584703133
1584802468
1585394161
1585464422
1586671196
1587256927
1587455990
1587524154
1587607986
1588065182
1588808533
1588826913
1589032307
1589867643
1589928017
1590096832
1590477393
1590815835
1591263615
1592029261
1592577458
1595378331
1596189300
1597417010
1597618019
1597787596
1598273085
1598643871
1598984236
1599030773
1600012224
1600047404
1600352822
1601210416
1602211698
1602432053
1603593173
1604009718
1604181516
1604675623
1604735844
1605397726
1605969768
1606690846
1607076725
1607910415
1608152647
1608481912
1608791304
1608983395
1609840654
1610729799
1610803540
1611354381
1611431923
1611463885
1611721252
1611903589
1612564633
1613433127
1613770589
1615254679
1615490335
1615556779
1615612545
1616858883
1617088289
1617566036
1617990098
1618415804
1618789736
1618873701
1619345290
1620132370
1621787138
1621805656
1622833627
1624197659
1624796426
1626975831
1627254967
1627655925
1628580756
1629284357
1629345861
1631007068
1631727478
1631776512
1632509046
1633431189
1633844606
1634029366
1634498264
1634675224
1634856892
1634915059
1635443262
1636036973
1636292301
1636678173
1637600127
1639306930
1640087594
1640134305
1640408688
1640485350
1640653846
1641479789
1641605349
1642308677
1642800718
1643503306
1643670409
1645079792
1645892116
1646142659
1646400807
1646690012
1646791663
1647294050
1648051685
1648170933
1648808565
1649015939
1649066900
1651505711
1652159916
1652175339
1653565702
1654144940
1654510825
1654950952
1655827197
1655897744
1655941985
1655954607
1656119688
1656407329
1656865018
1657978470
1657984505
1659058837
1659274010
1659918487
1659957258
1660115769
1660628978
1660978397
1661213231
1661388141
1662900669
1662978606
1663872691
1665273092
1665353060
1665505446
1665856994
1666176222
1666384318
1666542196
1667341436
1667513941
1667663366
1668879564
1669236111
1669492885
1669957271
1669966751
1670817816
1671235502
1671929203
1672705147
1672738757
1673160567
1673198756
1674471296
1674819961
1675464226
1676070072
1677194001
1677345182
1677643945
1677758965
1677806798
1680363359
1681143524
1681428106
1681965823
1682578231
1682911289
1682937093
1683629362
1684520888
1684652271
1684788780
1685456726
1686481457
1686836872
1686953193
1687293665
1687407887
1687931952
1688559656
1689766871
1689848859
1689987347
1690262947
1690300792
1691125527
1691771625
1692596029
1692987688
1693223555
1693421565
1693530444
1693740645
1694105783
1694749195
1696538251
1696684863
1696937055
1697382760
1697806982
1699157385
1699668981
1700012593
1700516588
1701310765
1701926054
1702118237
1702594886
1703634541
1703839555
1704794423
1705416242
1705487423
1707803866
1708751013
1708978405
1708982218
1709233734
1709500449
1710089625
1710093800
1710277089
1710658008
1711059263
1711174518
1711551957
1712384542
1712767657
1713143979
1713371693
1713379510
1713595343
1714725471
1714913722
1716391980
1717418515
1718506661
1718645670
1719590073
1719838714
1719875276
1719981448
1720208940
1721520061
1721903126
1723436866
1723723006
1724088093
1724124332
1724527813
1726174611
1726588675
1726998144
1727616021
1727929157
1728636548
1728701864
1728728679
1728875429
1729567463
1729957464
1732217287
1732981774
1733190591
1733701675
1733980266
1735807653
1736514726
1737158182
1737356491
1738018128
1738154048
1738516561
1738556332
1738669745
1740441362
1740474995
1741031646
1742176487
1743589227
1743893716
1744138557
1745370176
1746003196
1746116583
1746655112
1747425783
1747428014
1747764111
1747792112
1748511854
1748523908
1748940390
1748993118
1749013235
1749784275
1750604419
1750610015
1751603214
1752272841
1752583288
1753385132
1753453069
1753500959
1754170776
1754282384
1754487403
1756088739
1756095452
1756620989
1757803741
1757990726
1758105030
1758436135
1758733027
1758873174
1759068900
1759509123
1759707096
1759947724
1760510871
1761027938
1763299715
1763460942
1763500587
1763912624
1764008783
1764012986
1764507890
1764841667
1765389344
1765455005
1765509686
1767005569
1767458917
1767491452
1767681199
1769149923
1770515508
1771630006
1771651124
1771961906
1772357997
1773209025
1773241660
1773761859
1774577052
1775260989
1775343775
1775767307
1775804515
1776212438
1777373948
1777548932
1777883014
1777893562
1778100913
1778920090
1779726288
1781053726
1781464711
1781527794
1782428277
1782577164
1782977897
1783254295
1784054764
1784348457
1784622639
1785121300
1787823077
1788496915
1788629520
1788868766
1789149132
1789303659
1789905436
1789997274
1790714277
1792063306
1792698172
1793082389
1793369673
1793896968
1794418448
1794511308
1795236559
1795716592
1796002794
1796011905
1796105079
1796321765
1796641917
1797131684
1797255574
1799491555
1799616086
1800573768
1801007826
1802432421
1802990010
1803788232
1805066051
1805237181
1805569956
1805754422
1805922279
1806146447
1806392561
1806451856
1806568886
1806693046
1806700335
1806923350
1807199497
1807380416
1807733096
1807927753
1808124697
1808195566
1808485157
1808500526
1808512563
1810066140
1810223685
1810501424
1810868089
1811081980
1811130208
1811841629
1812280955
1812878689
1813168462
1813291709
1813340490
1813629656
1814978033
1816201190
1816367222
1816548638
1816558349
1818057266
1818555151
1819870054
1820718261
1820956258
1821097630
1821595013
1822037524
1822071058
1823579360
1824113986
1824340304
1824552561
1824637026
1825084373
1825112354
1825643815
1826709998
1827680897
1828270306
1828839154
1829892311
1830380167
1831326994
1831603801
1832102719
1833646422
1834265793
1834574877
1834642296
1836503319
1837311612
1837980398
1838257787
1838333593
1839347292
1839802916
1840326038
1840656280
1840931331
1841388042
1841419536
1841688224
1841778823
1842576734
1844377630
1844968309
1844971210
1845395384
1846426981
1847263527
1847926398
1847931205
1848516237
1848594749
1848858908
1849137271
1849454620
1849612035
1850227621
1850390849
1850745483
1851213244
1851555764
1852331316
1852988698
1853049921
1853067946
1853174784
1854774977
1855212797
1855645701
1856713497
1856974089
1858208590
1858799168
1858909755
1859183473
1859490570
1859605278
1860357014
1861233707
1862706634
1863002575
1863915340
1864555826
1864914269
1865387979
1866324250
1867041198
1867407837
1867763976
1868134867
1868203442
1868365599
1869676084
1870239096
1870770236
1871324081
1871437334
1871443444
1871525284
1871610375
1872272039
1872437730
1873115464
1873126259
1873537789
1874275956
1875871240
1877299762
1877466079
1879453052
1879508886
1879829853
1880203177
1881370081
1882203080
1882250419
1882754625
1882968414
1883308859
1885174898
1885448664
1885802676
1885949734
1886301315
1886450866
1886925244
1887430102
1888126901
1888233573
1888283974
1888941755
1889072439
1890889524
1891225196
1891383530
1892392993
1892722386
1892870254
1893284776
1893984872
1894365471
1894548970
1894719768
1895848039
1895944640
1896693278
1897050075
1897373354
1897680863
1897854470
1899063155
1899092105
1901174363
1901914983
1901956605
1902030209
1902785073
1902822638
1905048908
1905420842
1905829719
1906585106
1906697059
1907370885
1907861561
1908035362
1908600581
1908840989
1908841287
1908925844
1908943996
1909222424
1909785815
1909875449
1910037151
1911663394
1912750939
1913625085
1915705662
1915865677
1916338401
1916351616
1916370916
1916498744
1916570883
1916641477
1916902423
1917591314
1920019433
1922382644
1922600765
1922620072
1922826213
1922912739
1923287147
1924121375
1924198618
1924248036
1925712533
1925883252
1926121198
1927614841
1927694704
1928142177
1928666946
1928812397
1931121862
1931438908
1931704082
1932289740
1932357998
1932903801
1932915808
1933131906
1933653970
1934140591
1934316885
1935601437
1936276839
1937627139
1937741121
1937972036
1938087043
1938743499
1939683473
1940434375
1941366159
1941408663
1941501149
1941934611
1942187514
1942389195
1942664535
1943990982
1944077002
1944365708
1945262834
1945491742
1945548349
1946332390
1949796792
1950015931
1950519533
1951015379
1951255525
1951564630
1951847521
1951939362
1952342499
1952911628
1953008398
1953223685
1953861395
1953891142
1954826737
1955203223
1955272239
1955475244
1955571204
1955996146
1956245964
1956442528
1957231942
1957707960
1957892092
1958331924
1958873661
1959369687
1959396454
1959453337
1959461197
1959676045
1960554734
1961690670
1962298146
1963068814
1963110569
1963275296
1963310197
1963657160
1963675338
1963911348
1965385922
1965819382
1966373301
1966529474
1967229638
1967724992
1968659333
1969094224
1969113898
1969481277
1969900816
1969977008
1970142547
1970524699
1970998353
1971002029
1971908934
1972692992
1973571829
1975058062
1975334421
1975998851
1976687020
1977787343
1981078082
1982667316
1982817259
1984443258
1984475621
1984735235
1985103432
1985279849
1985283507
1986098065
1986655637
1986665791
1987313448
1987549862
1988367310
1988703409
1990758689
1993017447
1993062933
1993811156
1994285179
1994306135
1995681511
1996240388
1996600826
1996819134
1996967627
1997446015
1998118438
2001533710
2001860832
2002572192
2003382271
2004058370
2004585937
2004652290
2004826984
2004830948
2004862448
2005177945
2005294478
2005781667
2006305588
2007274234
2007761550
2008320370
2008718325
2009036656
2009817797
2009951207
2010319866
2010518307
2010995899
2011385940
2012832667
2012910214
2013227157
2013263799
2013686014
2014198915
2014346943
2014355082
2015435499
2015615177
2017155451
2018791065
2018950535
2019092126
2019644922
2020402677
2021465043
2022388570
2023356341
2024034664
2025168350
2025377372
2025581739
2026425229
2026925036
2028642501
2029040670
2030535060
2031634507
2033446677
2034043990
2034423831
2034559696
2034823083
2035101105
2035339891
2035508033
2035536131
2035768214
2037998378
2039536270
2039807883
2039875332
2040495740
2041550746
2043323064
2043476758
2043654391
2044058411
2044109608
2044160812
2044573792
2044852021
2045825390
2046186767
2046564619
2047093619
2047629675
2047942263
2048442936
2049639859
2049692958
2050117999
2050439111
2050859480
2051385256
2051491622
2052378001
2052839210
2053740467
2055568912
2056130454
2056448497
2056589523
2056791074
2056825283
2057581580
2057814601
2057910554
2058267897
2059302623
2059319113
2059411348
2059521894
2059559087
2059765298
2060518062
2060733919
2060816213
2063448567
2063549938
2064345670
2064384252
2065064247
2066894349
2067192590
2067582179
2067786642
2068467293
2069383250
2069578826
2069629462
2070832333
2071461634
2071739019
2071873460
2072373810
2072820600
2073218647
2073564939
2075935860
2075962965
2076272642
2076501688
2077037444
2077986498
2078969861
2079168108
2079855708
2080301290
2080682247
2081223612
2081234583
2081712822
2081714094
2081793304
2082058837
2083007006
2083569804
2083689779
2083800653
2084031876
2085574294
2085948602
2086118956
2086278288
2086903502
2087616333
2088444700
2089230101
2089359488
2089730992
2089904492
2092042571
2092775262
2093579587
2094573591
2094646906
2095018716
2095665113
2095780333
2095973603
2096304201
2096465190
2096593429
2098396741
2098525057
2098621012
2098840252
2099160348
2100270209
2101034800
2101501195
2101992024
2102856403
2103906888
2103944307
2103968429
2104448074
2104484832
2104658666
2105257856
2105867851
2106293651
2106858193
2107352384
2107376244
2107495499
2107720629
2108499769
2108863232
2108884462
2109022369
2110042514
2110865462
2111434818
2112105412
2112910785
2114994651
2115012304
2115131140
2115142549
2115196884
2115449440
2115562735
2115675833
2115860800
2116250144
2116961580
2118110761
2118367375
2118615598
2119234782
2119284851
2119566654
2119769066
2120289088
2122154191
2122327717
2123767390
2123842580
2124305788
2124777522
2125461533
2125826569
2125962826
2126313168
2126350417
2127192858
2127562555
2127583311
2127588594
2128457264
2128470073
2128934014
2129181444
2129289151
2129951503
2130626125
2131427344
2131628447
2133308522
2134819905
2135010710
2137849468
2138271896
2138400844
2139035422
2140378829
2140477049
2140783260
2140931037
2141007493
2141357081
2142197522
2142363389
2143584816
2143681815
2144038407
2144436799
2144661348
2144786037
2145693983
2145855219
2145948315
2145971466
2146283883
2147006709
2147060145
2147437111
