3889
1323800
1738563
1859889
2132226
2558036
3328172
5222727
5820422
7005659
7324768
8057890
9970373
10274155
10758377
11190581
11300059
11302973
11347323
11496513
12624645
12875284
12968808
13128407
13760559
13812754
13967962
14050658
15007027
17267100
18134912
19083298
19123317
19318829
21074829
21586574
22928084
22930689
23379189
23537437
23646361
24095846
24315142
24543655
24573468
25580980
26021033
26117261
27446011
27691776
27948979
28025727
28221007
28480741
28756949
30217995
30418020
30823504
31226230
31510851
31868539
32311906
32658717
33104529
33168686
33861625
34367292
35096543
35372507
35827634
36224183
36483536
37593214
38060561
38386680
38970014
39006166
39233108
39309030
40142899
40301996
43220305
43770606
44012807
45208949
47858771
47992966
48449095
48510282
48554249
48805937
48926296
49085839
49851408
50233632
50516202
50687347
50687592
50859651
50909388
51451163
52286076
52340206
52833056
53797406
54028901
55112830
56648621
56888995
58635542
59686918
59997520
60225521
60574707
60897624
61581288
61695468
63562525
63680452
63778475
63954127
63997873
64037889
64383010
64643605
65072717
65387995
65438278
67192157
67706685
67943418
68018626
69251260
69328785
70110219
70224042
70521966
71271286
72708018
73643185
73877172
74359251
74734256
74773988
75953378
76986819
77530955
77659937
78688882
78777003
79961018
80623717
80827518
80971864
81358439
81687009
82369958
83238690
83394720
83701148
83889551
84376964
84640368
85208581
85507176
85510354
86361423
86439242
86547821
86564676
86954753
89072200
89916463
89923135
91829021
92145579
92355497
92435125
92450483
92587630
92605849
93165747
93299774
94398764
95358186
95870331
96035653
97263662
97566854
98091347
98093741
98329176
98623080
98960360
99363034
99662948
99700501
100319568
100439184
102029002
102760474
103413677
104537246
104880169
105958440
106031391
106862565
107239688
107306013
107426795
107577372
107840202
108147189
108680035
109061390
109127243
110631352
110673536
111016004
111136566
111829177
112304458
112731872
115547942
115600498
115890180
116459824
116805677
117735251
117953988
118207495
118266468
118373240
118384876
118402786
118608663
118635602
119369781
119649858
120284599
121234723
121813159
123749423
123845513
123995393
124318344
124390499
125119356
125443782
125579161
125632250
126767264
127767435
127909718
128388773
129214629
129483849
129617058
130200510
131108577
131304311
131648113
132578448
132992147
133041618
133777702
134379124
134459577
134871705
135881832
136111061
136329459
136483376
136518805
137057723
137395841
138551185
139121393
139688689
140239434
140331343
141064888
142216794
142286512
143303095
143409670
143645940
143813020
144101586
147382363
147963945
148214946
148356111
148410855
149392511
149417466
150748108
151263682
151991450
152041211
152303719
152726736
152996247
154002465
154301290
154584252
155156024
155952177
156059388
156858273
157514404
157632775
157787288
157801930
159617958
159922874
161033654
161620086
161772592
162062780
162069299
162788068
162842179
163380060
163678562
163889806
163945306
164620455
165379238
165428919
167946364
167974867
170139604
170313306
170578498
170868517
170955355
172036603
172179209
172500252
172674511
172843244
173504811
173806015
173898106
174798160
175125166
175248279
175328892
175469869
176417800
176487479
177881046
178451519
180733952
181572857
181937500
182939187
183113839
183664695
184058114
184265406
184389949
184902260
186910778
187964998
187980687
188264666
188293195
188659599
188965739
189061425
189409242
192106098
193860716
194645068
194713788
195371695
195512847
195925978
196612180
196825148
198465889
198972209
199752136
199867987
200231246
200615562
201101000
202761294
203423040
204026522
204385404
204626515
204680693
204757724
204846407
205381029
205415961
205479128
205916896
206446138
206480045
206589654
207271194
207624038
207686438
207817517
207845245
208002864
208193623
208375739
208463827
208860191
209613502
209967218
211060494
211459616
211690098
212436347
212809507
213597354
213693032
213986126
214426758
214911740
215136115
215968111
217263405
217291374
218710529
218937593
219552279
219808555
220613958
221038807
221334606
221610347
222734859
222761414
222855752
223189164
223658466
224590828
224681290
224834663
226320489
227339664
227626294
227726394
228243729
228344663
228358886
228893830
228915959
230334570
230502890
231262037
232262027
232434749
233817071
235822868
236621846
238414888
238904001
239059953
239163064
239991931
240333266
240898645
241607487
241772350
241874961
242608127
242729583
242943111
243218538
243823179
244623622
245168653
246459071
247096783
247406821
248596153
249042663
249574555
249603280
249824446
249931139
250295630
250384548
250901243
251011463
251660839
251968928
252675280
253210790
254625242
255459245
255695900
256629202
256754755
257339955
257669428
257872899
257987604
258568644
258853581
259216723
259672590
260049659
260123223
261499599
261921493
262112016
262251194
262297257
263233596
263649940
263796536
263870052
264178692
265476413
265508313
265853740
266844823
267157736
267277018
268006431
268599093
269302807
269309611
269346847
269370473
269863455
270103502
270386026
271236407
271244265
271953448
272044981
272303837
272849342
273163824
273824781
274572415
274838117
275063696
275082947
275297808
276057816
276097812
276835143
277257128
277306929
280670622
281864819
282302055
282710989
284308537
285613145
286551242
286551383
287012829
287827181
288200191
288213376
288238414
288623074
288814576
288928493
289107308
289707976
289819418
290250457
290438499
291128249
291541381
291813629
292063238
292271323
293686841
293699441
293869013
294323750
294609274
294812463
296493844
296919654
297050838
297349436
297860670
298319033
299502458
299643258
300658307
301176484
301662285
302449321
303570475
304509670
304594254
304717829
305768424
306259552
307020004
307409164
307610270
308496726
309265217
309626718
309762647
310061900
310752086
311416362
314682587
314684871
315653651
316457272
316509082
316867326
316911320
316996227
318506534
320011944
320616344
321385238
322277444
322894947
323707639
324192094
324610982
325451823
325583975
325623506
325704242
326425971
326646835
326720210
326791967
328072686
330307396
330548458
330849410
331042501
332130331
332289885
332568741
333305502
333557826
335480788
336554409
337459364
338571106
339813625
339982972
340583242
340851959
341085768
342330550
343562141
344492263
344791581
345017671
346014483
346403252
346652624
346719479
347654391
348499909
348923981
349641021
351133302
352270602
352384426
352593577
352738052
353284552
354593469
354741168
355047027
355494201
355629065
355849363
356128246
356327360
356631193
357165791
358709282
359475055
359718042
361132711
361652526
362098274
362116095
364492805
364595436
365579774
366456511
366604185
366874206
366946524
367214040
368223222
368672128
368943418
369036737
369113481
369537702
369932761
369984475
370051904
370282373
370809199
370924191
373000926
373112792
374843074
375822381
376710654
377133158
379018871
380096792
380496869
380725235
381563650
384003606
386459985
386682100
387374920
388439773
389750538
390027082
390570502
390703367
390754352
390995608
391867838
391979681
392700169
393534320
393672359
395144346
395381893
396119462
396462246
397474837
397547145
398212317
398231283
398250952
398331524
399022784
399750471
400724725
400981196
400992854
401367498
401436628
401676773
402024567
402543578
403063810
403218311
403530433
403912136
404195377
404380147
404905977
405409997
405674874
406173512
406344903
406630902
406747255
407172123
407528951
407768445
408142174
408358013
409076170
409101964
409222062
409296467
409567911
410405389
410780011
410816742
410832866
411545992
411643935
411694074
412434456
413415056
414631230
414943872
415282783
415769070
415847867
417021410
417118933
417361344
418278860
418698213
419248508
419301741
419858696
420525696
420865153
421877649
423784000
424503821
424774601
424922237
425068878
425481052
425632828
426541967
427398835
427727623
429955904
431039119
431408227
432384802
432572242
432980154
434006927
434647551
435919972
436257525
436875717
437887489
437966621
438047758
438315983
438508518
440912852
441335343
441563384
442755705
442882150
443344109
443689335
444054426
444185594
444440965
445510021
446144011
446207256
446220736
446992981
447467811
448523457
448662624
448687391
448843182
450084437
450493984
450648603
450692472
450922555
452848241
453647138
454048489
454290277
454487827
455037906
455179931
455302585
455926054
456812412
456937733
457316548
458027824
459501918
459812030
461989509
462501865
462942712
463232799
463587552
464335787
464774121
465117080
465148272
465685736
466528511
466918209
467825032
468357817
468776784
469091284
469314824
470448992
470677457
471008384
471033106
471072965
471341745
472512684
472719026
472900085
473665078
473993796
474312970
474625161
474665246
474934994
475213607
476033708
476079035
477303380
478903122
478925089
481508250
481907193
482396816
482586408
483253123
483328809
484699421
485099288
485144444
485171878
485417821
485427882
485737127
485928689
487674525
487850250
487888214
488296072
488568026
489185987
489579682
492451775
493320439
493629249
494393339
494406875
495117165
495330077
495546306
496448465
499434406
499771577
499988142
500074727
501273445
501487804
502672612
502891047
502939888
503962561
504799777
505540409
505628289
506039193
506679709
507194260
507592934
509681620
510007881
512795245
513356199
515333956
515760604
516344812
516898848
517368156
517830619
517918297
517999461
518676369
519011168
519022386
519848985
520307145
521170711
521907117
522275217
522322015
523161717
524074433
524624305
525137808
525432908
525727662
526280522
526816305
526839803
527385495
528465537
529671961
529720860
529973497
530200724
530845003
531527605
531682586
531718517
532321236
532390600
532787984
534127842
536366539
536484235
536775530
537309704
537946670
538120566
538211102
539520888
540503710
541447145
542442916
542949137
543129732
543202220
543740010
544035583
545422391
546726948
547611188
548110786
549378907
549698453
550134870
550174817
550241598
551089921
551713857
552747905
553925587
554305768
554429159
555168815
555719166
557092795
558353660
558400812
558671121
559364505
559733237
560619785
561078562
561725597
561996956
562221892
562477073
562677704
563365367
563604635
563812649
565118616
565139426
565226774
566057401
566497350
566815151
566826244
567033555
567790721
568382615
568424264
569775617
571088940
572320183
572682211
572699471
572748678
572822636
573883022
573976990
574231850
574267328
576304119
576971005
577599657
578770801
579281745
579528258
579856302
580007242
580920167
581007260
581053582
581170546
581214757
582153913
582505367
582771655
583093952
583274339
583298543
583356216
583473816
583862488
585406207
585840389
587053139
588053895
588338166
588658134
589574685
590475193
591694155
592001369
593057886
593072591
593855735
595719652
596049740
596375789
597699898
600455810
600719656
600925996
601564524
601641989
605121710
606190344
606357569
607173073
607492625
607741126
608197297
608641980
608845157
610215773
610730572
610839155
612281971
613417625
613610335
614863972
614892165
615108323
615504268
615821082
616117311
616645744
617742557
618834819
619466041
619511933
619536327
619607118
619793710
620126814
620340164
621161661
622042204
622343563
622426085
623166717
623501172
624309956
624324513
624358557
624883672
624936280
625398591
625604821
625733901
625764309
626101390
626419503
627305823
627333358
627484198
628097964
628417474
628649270
628785247
629054636
631242604
631455707
632122380
632387147
632906779
633113406
633400734
633982840
634646309
635653561
635675568
635903600
636371630
636431471
637158156
637748204
638483954
638607846
638806831
639069745
639884545
640184104
640219161
642290471
642442861
642454068
643126968
643585670
644154541
644739285
645911868
647629290
648205383
649259269
650142401
650344588
650600980
651248767
651486693
651626667
652589887
653918061
654545433
654738521
655207891
655456390
656031098
656714525
656992341
657043658
657123581
657236086
657289628
657953511
658016536
659195241
659656191
659723345
659999186
660299150
661885256
662072776
662238549
662988494
663505313
663630608
663828310
663888427
664407236
664645946
665358194
665476962
665909589
666778834
668504357
668540747
668930592
670935858
672323821
672562625
672566513
673828992
675362739
675503031
675684300
677371711
677768511
678297810
678878352
679064316
679323416
679382758
679774457
679905949
679910120
680804319
681017985
681280978
681598565
681741120
681824161
682025295
682370042
682671754
683422140
684304387
685451331
685616657
685712405
686421902
686494083
688332579
688859821
689395831
689527628
689587457
692619686
692620232
692981501
693107907
693481019
693804403
693948005
694235343
694253262
695445738
695452720
695605575
695614416
695730966
695944902
697153109
698006164
698958275
699044035
699382748
699520686
699589347
700747001
701292528
701986105
702388360
704185087
704282705
705102301
705911145
706627685
706798901
706812362
709916933
710749894
710830137
711944452
711971610
712237597
712694045
713098360
713673987
713902555
714046488
714085087
714096333
714736139
715080287
717262983
717540226
717847293
718464408
718700903
718989965
719938713
720351607
720566452
720657245
720789364
721688920
722785783
722883358
723017611
723298624
723352750
723397702
723955292
724294868
724653363
726170241
726177804
726254740
726527440
727129494
727456392
727671929
727744186
727835951
728203875
729221937
730158291
730274813
730319699
730554960
734456368
735594445
735909842
736882043
738212338
738318596
738726651
739231885
740118671
740533883
741357612
741373492
741905115
742446702
742596471
743326996
743837236
744981779
745228472
745885427
747148487
750386091
750848121
751048894
751085836
751418730
751538103
752185063
752496361
753216218
754005532
754424958
756219205
756696315
757545128
757702236
759507427
759553422
760310508
760669399
761218653
761663351
761919972
762608961
762812333
763230810
763297200
763396011
763420915
763489512
763995006
764317446
764751470
765134417
766472673
767193666
768157769
769102770
769847331
770473365
771601461
771702987
772167748
772341074
772474511
773442037
775533379
776062646
776254185
776616536
777824964
778651403
778909837
779228558
779864828
780071257
780174750
780771349
781176851
781681389
782001281
782403632
782665037
783324884
784133508
784731163
785091605
785132432
785270325
785607066
785964828
786093584
786152524
786378356
786445164
786540455
787164081
787701754
787978663
788951555
789247662
790175538
790641792
792106327
792411085
792909452
793937168
794017146
794338566
794656642
795119500
795407622
795516536
795888893
796123526
796268970
796955315
797422878
797906034
798214587
798223526
799185860
799250677
800112344
800270279
800458485
801251509
801576202
802070861
803472076
803481688
804543450
804642202
805484497
805513659
805705680
805787264
805992672
806451962
806584506
808057237
808504559
808805800
810316667
810593058
811567182
812725284
814150969
814401460
814804409
816558625
816687543
816786001
818050131
818079883
818714529
818872479
819424876
821376234
821522657
822152643
822278492
822312312
822467657
823169021
823460580
823526345
823772824
823853292
824106832
824142932
824275073
825688172
825700581
825743613
827035065
827037837
830811915
831763713
832209668
832346674
832385669
832558960
833003613
833116428
833357475
833495336
834054574
835086267
835176047
835571781
835599477
835998674
836054788
837914359
839283467
839547325
839552673
839827225
840537265
841369848
842445445
843634197
844585052
844764069
846300243
846695495
847208219
847778429
848064988
848117648
849284959
849880813
850561953
851583128
852164432
852908566
853552784
855939995
856143546
856214330
857310063
859006616
859092227
859757093
860181426
860194645
861654029
861761660
862258238
862625270
865056874
866108384
866639549
867883598
868736217
870446274
871005734
871512753
872438846
872477683
872796212
873138143
873513635
874200429
875014740
876233261
876376947
877750140
879074235
880492361
880912416
881061974
882453570
882598956
883768864
886274085
886589017
888000854
889566493
890000461
890197675
890435797
890811683
891247687
891418076
891798177
892110888
892661670
893534682
893592692
894330874
894388545
894420651
894437556
894670142
894721436
894906921
895253507
895678951
895828092
896025682
896052436
896303572
896305933
896470004
897114696
897530492
899092195
899647491
899834301
900218005
900655301
901818083
903411082
903659341
904253526
905456461
905551791
905895115
906055204
907035861
907249121
908013144
908206892
908477410
908722075
909379508
909483718
910726540
913151078
913190962
914133441
914397206
914884670
915829627
916663857
916872323
917688538
917976473
918047886
918457349
919381045
920686023
920696909
920822934
921478615
922345336
922384069
922484279
923030782
923390183
923866903
924080001
924255156
924913760
926497226
926775460
928317954
928709784
928963341
929133601
929454523
931458985
931637040
931871060
932360851
932372944
932753906
934829500
935911805
936296590
936494749
936827459
937153807
937732528
937898045
938018467
938127831
938436614
938923069
939009671
939077288
939475332
939824760
940460103
940706745
940890952
941625015
941835200
942587977
943080325
944269176
944296676
945296754
946386562
947182051
947582983
947779110
948378834
948385822
948930453
949333282
949582142
950730561
950857581
951008616
951700061
951711414
951925813
952131055
952888084
953225828
953237397
953686027
955556240
955642499
956445075
956514514
956894911
957507035
958311917
959859004
961158141
961398011
961524540
962182762
962197645
962472325
963000686
963428318
963547291
964420351
964947732
965968012
966036202
966962108
967065166
967144076
969215841
969899652
970052659
970322473
970468822
970944258
971043568
972559366
972763916
973557587
975045573
975502826
975507374
976179264
976213740
976225371
976241861
976510624
976797765
977133451
977482012
977594663
978163932
978333298
978922048
979045037
979378565
979491278
979942249
980026590
981365789
983247097
983410571
983923625
984392349
985792475
985915117
986536116
986687248
986818136
987910276
988555436
988937507
991263824
991482804
991750547
992070869
992099420
992663912
993997463
994115183
995258248
995795384
995927865
997287470
998362683
998796981
999455936
999523484
1001038683
1001504306
1002153457
1002806026
1002968633
1004499898
1004719581
1006469269
1007066082
1008539437
1008587772
1009502518
1009611491
1009755393
1009794689
1009950027
1010001415
1010758726
1010791609
1011185794
1012038595
1012383045
1013057093
1014281163
1014625546
1014784575
1014858795
1014986498
1014995661
1015636549
1016088374
1016852841
1018453701
1019924177
1020334848
1020878285
1020935832
1021428583
1021614151
1021900919
1022216147
1022351200
1022732184
1023134217
1023247282
1023532366
1023937363
1024006804
1024011946
1024029500
1025173178
1026165854
1026315648
1026439339
1027329993
1027883282
1028960921
1029002551
1029202947
1029234673
1029350698
1030029047
1030340101
1031778324
1032378585
1032476823
1033269546
1033281462
1034432615
1035361669
1035462604
1035813256
1036188594
1037892783
1038259032
1039117653
1039593267
1039710081
1040217612
1041283700
1042296887
1042503666
1043328325
1044015238
1044684951
1045432114
1046131145
1046245076
1046979271
1047191670
1047223271
1047536639
1047542794
1048112884
1050852587
1051475223
1052290201
1054464396
1054515939
1055527047
1056204313
1056992611
1057699706
1058854332
1059019328
1059066063
1060358187
1061118709
1061656116
1061676715
1063530187
1063588458
1063806749
1064187358
1064288791
1065392838
1066377927
1066506358
1067037241
1067062317
1068023687
1068168508
1068365879
1068375606
1068910636
1069402392
1069893156
1072605194
1074100186
1075161303
1075345786
1075478590
1076677295
1076878721
1078163557
1078675801
1080156330
1080610337
1080732641
1081943940
1082113754
1083663526
1084039252
1084082133
1084557625
1085007940
1085333804
1085611093
1085764182
1085818944
1085938808
1086165073
1086328954
1087473414
1087581893
1087732370
1091128579
1092199987
1092409131
1093002086
1093048569
1093391796
1094191255
1094215769
1095163374
1097245061
1097861166
1098040448
1098244315
1098581319
1099217855
1099716696
1099821527
1100122284
1101098084
1101107110
1101804654
1101818946
1103007510
1103270334
1103373958
1103495589
1103932037
1104470496
1104520632
1105589891
1105915347
1108081275
1108593744
1108785603
1110107293
1110836613
1110859311
1110867277
1111556824
1111846020
1113230938
1113453860
1114528907
1114999537
1115547544
1115812145
1115918512
1116104128
1117301889
1118318481
1119036669
1121763826
1122640887
1123500729
1123672003
1124391473
1124913822
1125212887
1125637586
1125894450
1126781584
1127223375
1127629420
1128368230
1129870050
1130027292
1130887409
1134520255
1134840016
1135899015
1136084161
1136903348
1137039303
1137745782
1138913377
1139378136
1139495099
1139851839
1140168575
1140779426
1142440958
1143153972
1143770341
1145290109
1145914862
1146919365
1147387134
1147481888
1147803772
1147990814
1148732937
1148867642
1149073454
1151566197
1151634079
1151892938
1152058681
1152181406
1152803666
1153257646
1153609055
1153826717
1157011770
1157159693
1157575095
1157960939
1158758765
1158868508
1160110553
1160779692
1161578943
1161598618
1162036981
1162187964
1162809326
1163824309
1163873713
1164069443
1165102619
1165500493
1165694761
1166081075
1166223858
1166585335
1166695832
1167204412
1167233951
1167951346
1169469035
1169496318
1170213172
1170642754
1170850312
1172519462
1173124262
1173375430
1173610852
1173741914
1174188569
1174372747
1174648532
1175026233
1175991671
1176371135
1176396644
1176703396
1177171909
1178777372
1179099761
1179588826
1181509670
1182045212
1182701841
1183772916
1184315609
1184381006
1185023542
1185287751
1185424654
1185596939
1185931586
1187639885
1187727248
1188074541
1189348427
1190740840
1191412892
1192132752
1193768150
1193784195
1193892422
1194165639
1194330206
1195506714
1195930714
1195974581
1197090328
1197645707
1198178215
1199020482
1199731566
1200618138
1200655044
1201349820
1202657894
1202870137
1203020526
1203416657
1203842888
1203878655
1207209287
1207610374
1207837359
1208200550
1208364213
1209116715
1209192435
1210005722
1210011034
1210411914
1213267577
1213837106
1213869497
1213873435
1214196305
1215142431
1216604006
1216987436
1217154542
1217371802
1219017406
1219825637
1219865519
1220495382
1221123326
1221242746
1222776127
1222959513
1223561547
1225925280
1226222242
1226754534
1228569404
1228641242
1228817784
1229324751
1229894799
1230002848
1230350759
1230763694
1231258790
1232089110
1233710843
1233717651
1235516993
1235590445
1235608166
1236264496
1236706729
1237393699
1237492901
1237846051
1238820516
1239131819
1239950155
1239991001
1240347793
1240422124
1241607196
1241679303
1241900318
1242255573
1243271642
1244393662
1244546087
1244963536
1245178170
1245189627
1245887304
1246106576
1247212415
1247514624
1247601851
1247999716
1248230676
1248261227
1248906180
1249300193
1249480021
1250439268
1251222947
1251648058
1251797773
1252515976
1252930664
1253422215
1253791601
1254001742
1254152858
1254841444
1255425254
1255780529
1256097907
1256296487
1257270819
1258054544
1258519595
1258644074
1258902293
1259024536
1259899442
1260084757
1260323628
1261007049
1261116270
1262418659
1263188397
1263296011
1263353479
1263887465
1264645418
1266301300
1266603142
1266651162
1266710552
1268672331
1268758743
1269463746
1269559023
1269685933
1269909510
1270341195
1271617576
1272332447
1272883844
1273046572
1273262637
1273656247
1273754922
1274558076
1274862593
1275164883
1275243224
1275912665
1276436908
1277006998
1277422096
1277668460
1277846610
1278750004
1278926794
1279063564
1279164697
1280295644
1280846076
1281020623
1282339288
1282507087
1282873989
1282929803
1282991982
1283174007
1284996356
1285528288
1285734870
1285777431
1286795558
1287031952
1287655989
1288102972
1288349552
1289201575
1290204311
1290826870
1290919692
1291112095
1291820169
1292910146
1293009613
1293675844
1293771988
1294097505
1296035499
1296176215
1296762968
1297070666
1297129039
1297254996
1297285040
1298368026
1299204289
1299502893
1299865558
1300372364
1300996161
1301248958
1301257575
1301302302
1301686470
1302008880
1302434917
1302614092
1303395037
1303533336
1304014888
1304188654
1304471291
1304655923
1304657915
1305162257
1305601412
1306516520
1307266539
1307805801
1307876137
1307980418
1309042169
1309750408
1310230988
1310243667
1310370315
1310670660
1310782073
1310851216
1310891552
1310986292
1311355821
1311766257
1312008849
1314531913
1314811569
1314880660
1314932083
1315190691
1315492528
1315789670
1315872948
1317810673
1317952616
1319170999
1320035425
1320377545
1320632033
1320665327
1320862285
1320999678
1321480940
1322322910
1322635413
1322819740
1322985152
1323462325
1324735858
1324829969
1325542912
1325659189
1325972354
1326028258
1326097751
1326131224
1326847589
1327007160
1327054211
1327238398
1327569025
1327668995
1327830318
1328258117
1328276304
1328665450
1329341256
1329473933
1329496292
1329997102
1331583061
1331738162
1332109844
1333688869
1334053584
1334959929
1335683476
1336271785
1336356163
1336720077
1336980620
1337193188
1338181258
1338510926
1339951773
1340191560
1340443832
1341405691
1341563862
1342949184
1343623396
1344392364
1344811898
1346000931
1346479615
1347013336
1347432038
1347988690
1348494196
1348655882
1350503957
1350549909
1350653367
1350700586
1351139037
1352284220
1352948513
1353369848
1353907711
1354508666
1354678882
1355622078
1356742861
1356935270
1357809531
1358922324
1359383715
1359528151
1360089609
1361015359
1361255232
1361501566
1361695799
1362981197
1363053884
1363486365
1363615579
1364255142
1364435933
1364745294
1364884700
1365878283
1368491636
1368806248
1369369055
1369991064
1370048633
1370710322
1371122972
1371937268
1372315137
1372402597
1374070252
1374781647
1374843053
1375019133
1375120365
1375472420
1375923836
1376361649
1376974890
1377104827
1378252604
1379184520
1379387449
1379577400
1379617526
1381321884
1381323851
1381730803
1382313425
1382613071
1382690253
1383805050
1383916389
1384064046
1384465759
1384470422
1384526983
1384652807
1384788940
1384904590
1385610705
1386269267
1386302676
1387355812
1387387257
1387888781
1389702622
1389922267
1390425192
1390573963
1391082192
1391792576
1392126974
1392199808
1393434936
1393531937
1393893651
1394945997
1395079911
1395252371
1395453679
1395991657
1397552602
1397573448
1397858089
1398888470
1399161227
1399599820
1399601842
1399707291
1401285384
1401554493
1401631070
1402459419
1403119602
1403198246
1404288635
1407332054
1407353156
1407731922
1409681844
1409982494
1410049386
1410726557
1411155828
1411465138
1411570932
1411854672
1412897055
1413330037
1415091732
1417193693
1417478110
1417654770
1418475591
1418790396
1419502810
1421061396
1421578875
1423205333
1423711886
1423774520
1424857938
1425076016
1425135879
1425338883
1425535335
1425545677
1426392181
1426455371
1426551797
1426897440
1427200337
1428040886
1428948975
1429222572
1429483641
1429621081
1430829365
1430927839
1431558998
1431953819
1431980353
1431987947
1432059054
1432093633
1432714287
1433797632
1434345592
1434448921
1436941199
1437270724
1437727936
1437986345
1439130613
1439688146
1439970067
1440110606
1440383033
1440616757
1441261555
1443333290
1443502865
1444662380
1445630110
1445668729
1445848748
1446176776
1447028062
1447041296
1447698309
1447809935
1447871802
1449811749
1450822308
1451029500
1451392566
1452079083
1452723427
1453432326
1453492041
1453544554
1454082669
1454099866
1454129391
1455001084
1455457734
1456056099
1456667101
1456816546
1456868916
1456883053
1456923171
1458000714
1458844544
1458919724
1460410260
1460643694
1461379652
1462142345
1462286337
1462731227
1463173311
1463620281
1464387210
1465002440
1465027844
1465789085
1466338082
1466598527
1466902234
1467207084
1467752758
1467896427
1468545399
1469130578
1469156427
1470501026
1471211271
1471214380
1472404899
1472749439
1473933082
1474295747
1474771481
1476057611
1476246384
1476717415
1477620388
1478111580
1478854174
1479035719
1480225247
1480344718
1481261147
1482258821
1483070761
1483115441
1484460193
1485141954
1485699207
1486463371
1486596238
1486670444
1486839964
1487671043
1487711090
1487854700
1488087649
1489076960
1489209110
1489928172
1491521243
1491995228
1492243304
1492296047
1492623650
1493649313
1493889434
1495471571
1495542695
1495684082
1496023584
1497862632
1497981977
1498466200
1499206996
1499647554
1500980638
1501847939
1501952482
1502521574
1504169945
1504448151
1506083063
1506783465
1507203622
1507971783
1508415492
1509003767
1509110164
1512180992
1512235327
1512944519
1513277458
1513383277
1513973890
1515155408
1515689544
1515761586
1516655124
1516839487
1517065941
1517455264
1517801720
1518057595
1519739268
1521382291
1521456301
1521818586
1521827661
1522552473
1525102039
1525484163
1526370069
1527226759
1527360622
1527506389
1527510276
1528609018
1529276223
1529793473
1529910349
1530091754
1530293330
1530515430
1530947960
1532233120
1532454555
1533666576
1534554944
1534707497
1535034199
1535427930
1535841830
1537428900
1537729266
1538227355
1538259734
1539129148
1539953439
1540279940
1540626547
1541559627
1541721815
1542069427
1542667062
1544054268
1544210088
1544684901
1545035631
1545340597
1545351077
1545408391
1545502235
1547781930
1548985248
1549408745
1550162891
1550404594
1550806092
1552182900
1552637411
1554979763
1555642536
1556216232
1556647805
1557253855
1558063928
1558075534
1558198344
1558706972
1559415297
1560245922
1560289723
1560540893
1560625050
1560631609
1560716992
1560966290
1561282719
1563067446
1564046616
1564847075
1565918737
1566431704
1566847872
1566952875
1567284231
1568580643
1569357016
1569794958
1569829897
1570109855
1570239136
1570735507
1571894211
1572238111
1573286194
1574120231
1574358314
1574612067
1576447108
1579127989
1579442757
1580741209
1581025668
1581598791
1581930774
1582173034
1582347817
1583078436
1583080330
1583758852
1584482048
1584802140
1585765403
1586653149
1588405523
1588569525
1591281751
1591468590
1592156410
1592275594
1592525360
1593972532
1594127757
1594399252
1594755703
1595775871
1596031314
1596306103
1596581348
1596858792
1597308967
1597755105
1598509071
1599031046
1599182259
1599257451
1599382549
1599661639
1599801386
1600376230
1600389131
1602354122
1602605484
1602751154
1602916518
1602969425
1603400917
1604487738
1604532130
1604550742
1604894704
1605670695
1605788500
1605966019
1606507725
1606561521
1606640332
1606839136
1607160249
1607310392
1607524809
1607722955
1608301412
1608811468
1609171888
1610700892
1610709803
1611079725
1611118618
1611445555
1611623584
1612138856
1612266859
1612854260
1613403579
1613419504
1613727802
1614041755
1614530712
1617772256
1618481057
1619061553
1619774707
1619936851
1620318460
1620541553
1620701306
1621844470
1622070247
1622152981
1622169690
1622596747
1623017379
1623225797
1624311093
1624747767
1626367772
1627027132
1628831177
1628941049
1629250486
1629261664
1629925259
1630551370
1630923962
1631034831
1631594636
1634090249
1634401515
1634465546
1634504526
1634900144
1635771031
1635919869
1636181234
1637541263
1637606964
1638156454
1639287849
1640545591
1640605505
1640919245
1641046239
1641094389
1642401669
1643253438
1643645706
1644330347
1644646582
1644666749
1645764139
1646900264
1646975286
1647094492
1647837371
1648266428
1648371521
1649530959
1650931474
1652350874
1652800615
1653105089
1654806655
1655112524
1655907174
1656652466
1656776677
1657067612
1657250712
1657387427
1658581442
1658784756
1658986523
1660733205
1661281546
1662121361
1662628336
1662655058
1663519828
1664039798
1664764467
1664833880
1665018296
1665183983
1665431207
1665956508
1666522454
1667187204
1667218912
1667885208
1668158179
1669453371
1669751193
1670246087
1670456447
1670511312
1671417937
1671446513
1672698909
1672842419
1673533173
1673577154
1673608198
1673897631
1674819647
1675760085
1676547429
1676678831
1677447709
1678656534
1678788884
1678807361
1679932676
1680215463
1680981100
1681241900
1681735272
1681952960
1682006740
1682132389
1682522850
1682765744
1683783851
1684215107
1684536303
1684750762
1685921973
1686117246
1686719654
1687441330
1687807618
1688632495
1688638618
1688956343
1690988730
1691516851
1692504805
1692516303
1692666974
1693159991
1693182761
1693524466
1693532450
1693574806
1693681335
1694367671
1696179165
1696245745
1697246386
1697377669
1697624547
1698010232
1698126700
1698800145
1699637843
1700110027
1700508581
1700631438
1701017253
1701348275
1701917960
1702217874
1702456871
1703061385
1703823597
1703855482
1704462155
1704527151
1704650564
1705890377
1705965850
1706576716
1707075512
1707300824
1707484084
1707523348
1707742967
1708734233
1708821468
1710074977
1710177366
1710478048
1710938003
1713431768
1713892593
1714861944
1715453641
1715601890
1715786934
1715931374
1716101281
1716608856
1716720369
1716777245
1717603910
1718657097
1719173830
1719692144
1720015244
1721124059
1721208334
1721941855
1721973026
1722449619
1723449210
1724738955
1724774194
1725170184
1726052767
1726224168
1726619139
1727077659
1727733599
1728526788
1729281203
1729547493
1729615068
1729666298
1729679267
1729756036
1730511281
1730668816
1730743350
1731217821
1732446651
1733796191
1734265058
1734326763
1734412078
1734490459
1734852848
1735878426
1736802641
1736827339
1737346549
1737908231
1738353186
1738463539
1739497583
1739786822
1740641791
1740653411
1741546047
1742420535
1742772696
1742844702
1742902078
1742989360
1743029140
1743415935
1743911672
1744387824
1745793094
1746245014
1746793667
1746946754
1746995509
1748268241
1748521442
1748856389
1748912330
1749707536
1749860240
1749910139
1751521471
1751867981
1753293581
1753465545
1757196006
1757599920
1758017406
1759584902
1759666029
1760240003
1760829062
1762038662
1762809192
1762824351
1763238690
1763456960
1763678970
1765017014
1765722986
1765749418
1766128920
1767026340
1767389014
1767391298
1768540432
1769397986
1770661661
1771006371
1771714661
1771857477
1772004778
1773210915
1773403823
1773567507
1773814986
1774905699
1776091570
1776137789
1776735602
1777009134
1777275241
1777724449
1777752771
1780415155
1780815203
1781258818
1781274630
1781557006
1782487875
1782879959
1785049797
1785164409
1785335218
1785641521
1786995433
1787570608
1787959120
1787991832
1788208417
1788794197
1789289820
1789849299
1790460371
1791572580
1791979941
1792223809
1792614170
1792673661
1793027187
1793280904
1793479559
1793961358
1794796213
1795630668
1796277637
1796475623
1797875179
1799141201
1799301078
1799675226
1800140151
1800155362
1800515595
1800559984
1801121925
1802168238
1802824866
1803165921
1803433918
1805795091
1806661648
1806820195
1806853140
1806935139
1807661696
1807761801
1807896955
1808467603
1808693822
1809050789
1809100646
1809441036
1810025315
1810037747
1810416966
1810435230
1812227991
1812450653
1813666733
1815155742
1815281916
1815288913
1815365503
1815690721
1815723795
1816043669
1816779657
1817048694
1817527261
1818227401
1818503104
1818549435
1818736265
1818763995
1819111929
1819763085
1820919757
1820988951
1821870774
1823187902
1823219442
1823686318
1824255063
1824619112
1824688488
1825197076
1825236027
1825634563
1825829897
1826113982
1826463627
1826505052
1826657346
1826851867
1827072577
1827331104
1827462950
1827516063
1827568587
1827808763
1828089130
1828369776
1828903801
1829474998
1829502487
1830215666
1830300065
1830633517
1831075368
1831265015
1831287303
1831904380
1832076396
1832694880
1832885092
1836352360
1836742565
1837785321
1838383998
1839296051
1839399931
1839433969
1839646176
1839837504
1840005288
1840290042
1840400665
1840421852
1840773398
1841158090
1841405937
1841441154
1841547238
1841632503
1842242984
1843323882
1843328095
1844586672
1844593678
1845988920
1846091613
1847618529
1847971494
1848383456
1848423034
1848558184
1849492646
1849665184
1849773114
1849775865
1850002901
1850449787
1850963104
1851962769
1852527471
1853081141
1853267639
1854171458
1854898339
1854932694
1855395515
1855767209
1856243905
1856894966
1858513125
1859882173
1860066161
1860622978
1860935554
1861760581
1862023907
1862848186
1864053185
1867228934
1867786131
1869713747
1871303204
1871906106
1872118131
1872234082
1873120519
1874009850
1875270528
1875557984
1876691851
1876811828
1877014724
1877598196
1877667555
1877833626
1879226361
1879347140
1879542551
1879775391
1880932834
1880972709
1881038279
1885049402
1885988693
1885999434
1887837490
1888055317
1888090556
1889793888
1889975302
1891241448
1892422873
1892726945
1892928737
1893259010
1893516766
1893664379
1894125136
1894554185
1894781132
1896105418
1896471684
1896915843
1898944163
1899364291
1899860939
1899980774
1900052529
1900092245
1900550935
1900865304
1901219708
1901425658
1902372542
1904030815
1904875376
1905007714
1905743472
1905829921
1906092109
1906221771
1906409753
1906446899
1906472422
1906481404
1906488645
1907309669
1907527773
1908165863
1908294257
1908399396
1908989974
1909695308
1909736112
1910386115
1910602456
1910737212
1910803745
1911209592
1911751347
1912207589
1912225283
1912386717
1912869074
1913691312
1913793100
1914515162
1914871020
1915391222
1915599154
1916297740
1916445670
1916560845
1916591997
1916636798
1917002340
1917073039
1917108161
1917660832
1918769440
1919183590
1919365737
1919441230
1919594229
1920038366
1921680363
1923725331
1924279830
1925526493
1925545206
1925967718
1926196403
1926460942
1926637999
1926668196
1927556604
1928489579
1930510632
1930764168
1931869504
1933004237
1933598772
1933621935
1933776229
1933997721
1934378628
1934618649
1934683130
1935414448
1935490073
1935739771
1935988952
1936041461
1936915447
1937207560
1937997165
1938353275
1938858863
1939150325
1939462153
1940627540
1940855937
1940972704
1942252978
1943594613
1943930390
1944214914
1946141197
1946349033
1946432677
1946986397
1947313709
1947329320
1947542397
1949002048
1949124856
1949621922
1949919692
1950007094
1950925749
1952760656
1952977843
1953057219
1954141821
1954188406
1955815310
1955965351
1956253483
1956907791
1957623120
1957872065
1958001454
1958370167
1958421976
1958772799
1959898344
1960514253
1961466704
1961491056
1961782322
1962557053
1962871313
1964004672
1964216160
1964231387
1964945276
1965870657
1966013171
1966158580
1968271789
1969744408
1971671246
1971952455
1972030663
1972531268
1972858685
1973727042
1975027751
1976063839
1976159914
1976361621
1976390609
1978037502
1978510430
1978607207
1980534075
1982782946
1982953733
1983195400
1984613955
1985396248
1985777433
1986190818
1986329383
1986417106
1987387028
1987428821
1987454048
1988164157
1989119718
1989149027
1989885836
1990383702
1991028884
1993389192
1993740897
1994134652
1994652634
1994777911
1994948721
1995703091
1997620760
1997629442
1997733461
2000318152
2001242247
2001658523
2001660361
2001865811
2002865770
2003774418
2004453419
2004834252
2005239194
2005576069
2005605309
2007885135
2008205757
2008751374
2008835710
2009140380
2010097269
2011251096
2011846812
2012199682
2012860160
2012946869
2013670360
2013699510
2014044595
2014803448
2016879242
2017102836
2017168578
2017933763
2018518878
2019539509
2019976834
2021067334
2021248654
2021444313
2021783961
2021879296
2022504430
2022848768
2024613442
2024785729
2024948032
2025280754
2027206710
2027276267
2027685911
2028705351
2029621973
2030281453
2030704713
2030944188
2031111857
2032086788
2032609855
2032796256
2033812462
2035354555
2035358444
2035872783
2037559689
2037607519
2037757312
2038283389
2038413497
2039330420
2039547767
2039980245
2040596648
2041381899
2041976763
2042386414
2042620084
2043019726
2043282878
2043584648
2043785979
2044362052
2044695795
2045240275
2045502883
2045566556
2047834596
2047926341
2048280352
2048691151
2049085694
2049363999
2050093304
2050624073
2050815230
2051550788
2052189548
2052714006
2053149699
2053355266
2053505915
2054478492
2054508338
2054718555
2055190766
2055392624
2055793792
2055846085
2056290260
2056307062
2057179095
2057246440
2057697271
2058353249
2058658149
2059108990
2061522119
2062385894
2062625297
2062785349
2062854398
2062908535
2063024212
2063260080
2063370992
2063446804
2063501696
2063820985
2064117562
2064169994
2065139883
2066412070
2066457603
2066874510
2067847225
2067882170
2068068558
2068220776
2068585131
2068970106
2069115497
2069464973
2069704294
2070258902
2071459792
2071825999
2072438564
2072553570
2072807144
2072956400
2074005844
2074612043
2075093365
2075373152
2076336005
2076897150
2077516109
2078316922
2078693891
2078957746
2078990241
2079149441
2079572834
2080243835
2080818178
2081908377
2083572602
2085482202
2087578718
2087770741
2088376988
2088527469
2088744796
2088752250
2090652854
2091518895
2091601881
2092449954
2092934751
2092963780
2093269608
2093523464
2093657871
2095042549
2095818468
2096197247
2096437906
2097032601
2097480327
2098384329
2098586794
2099314305
2099578500
2099586047
2099862666
2100113826
2100528695
2101007849
2102212536
2102394167
2104156131
2104501619
2105017882
2105133947
2105361782
2105857552
2106178289
2106856087
2107148447
2108075479
2108408650
2109633919
2109679811
2109849271
2109870300
2110341136
2110527515
2110901969
2111476980
2111882874
2112324536
2112370197
2112663374
2112920324
2113017620
2113705946
2114271918
2114791930
2114880963
2115300851
2115902789
2117277883
2117446269
2117720771
2118575094
2118842544
2119333116
2119390542
2119643031
2120231963
2120801336
2121051823
2121103764
2121219487
2122894903
2124123415
2124394398
2124953032
2126717173
2127297661
2127957321
2128044900
2128266607
2128662114
2128744876
2129103018
2130068203
2130717727
2130845351
2131284968
2131359650
2131529785
2131916808
2132159995
2132723792
2132995925
2133183827
2133304979
2133340974
2134614090
2134880271
2135311060
2135789764
2137840940
2138756963
2139383012
2139400182
2139421549
2139636328
2139843853
2140248957
2140542570
2140916095
2141082400
2141167253
2141356581
2141514122
2141552975
2142047189
2142935293
2143265970
2143907784
2143996559
2144136963
2144244232
2144534017
2144741486
2145933777
2145937666
2146294083
