627404
869608
1899064
2983715
5179174
5325615
5732541
5812926
5948457
6279563
6550338
7011902
7137297
7340683
7347907
8150308
9078676
9149641
9297224
10153833
10735734
10989634
11146802
13695344
14178340
14822214
14965755
15820690
15824579
16471793
16839359
16864857
17085644
18122888
21138031
21654981
24853338
25033413
25798055
27089648
27338599
27515304
27549507
28130766
28660942
29328272
29409205
30832246
30977299
31464147
31716047
31841282
32597002
33110510
33115866
33448970
33706021
34197799
34719177
35140808
35554370
36185987
36753518
37403237
38041067
38933118
39164372
39595999
39694420
40508630
40981380
41769160
42803053
42846684
45262049
45911088
46903251
47368704
48114565
48162030
48354056
48359732
49823191
50920658
50932570
50994344
51962420
52530122
52989724
53664490
53806649
54028309
54285105
54827236
55962564
57568756
57897825
58295282
58375367
58490406
58762215
59849655
60789484
60872455
62373906
63133900
64063924
65114542
65455799
65564793
65749050
66903848
67561410
68062329
68170351
68670185
68726852
69014805
69928167
70418633
70796211
71503107
72157876
72594848
72666340
73708644
75050477
75736805
75817070
77083732
77214818
77624402
78744302
78765084
78781587
79075171
79330623
79420707
79471021
80140204
80188127
80250371
81006732
81332825
81549732
81597370
82487819
84620312
85449433
86014044
86093406
86667540
86720585
87070646
87668155
88561064
88823079
89256940
89391980
89815270
90060282
90517763
91717712
92196804
93054317
94784416
94808181
95466334
96146861
96279506
96297362
96338664
96920040
97861424
98100562
98124992
98258450
98572502
99961684
100020993
100677988
103005020
103159875
104032422
104287765
105503460
105846889
106921047
107079908
107842221
108129434
108252861
109614840
109840199
110083431
110880320
111221357
111303164
111413900
113046628
114689599
114693445
116272564
117857901
117871543
118431522
118602646
118929192
120711429
121995518
122128406
122286998
122757762
123454740
124333390
125614488
125878292
126107539
126247955
126301129
126642001
126891682
127650254
128303534
128495619
128575649
128956415
130277274
130359738
130719954
131067066
132054007
132959277
133653525
134963559
136144564
137075940
137235375
137814549
138701662
138896553
139301505
139706476
140457149
140977031
143212252
143480154
144932636
145192265
146391742
147722397
147802257
148262672
148681387
151543675
152572951
152605970
152847666
153040816
153916664
154165271
154567091
154597881
154771998
155466327
155717628
157067706
157466762
157618820
158460525
158636649
158994158
158995476
159916109
160117085
162647138
163303900
163375745
163895105
164927011
165653739
165822217
165853125
166230483
166722734
167657120
167965458
168117044
168230943
168340428
169118861
169396832
169816208
170028912
170665691
172298039
172473472
173889861
174570747
175441399
176002761
176065769
177532063
178128796
179023469
179181801
179379839
179522155
179549833
179868105
180152318
180258903
181783334
182734692
183213937
183514447
184477238
184558572
184762670
185370227
187223262
187451367
188381649
188527516
189282692
189865261
190070329
190447292
191450950
191657347
192097797
192322753
192350585
192749023
193124191
194336791
194749567
194937017
195576382
195932093
197312347
197414783
197963995
198407563
199272119
199838714
199864845
200435449
200463122
201204202
201360518
201976024
204408395
204996119
205201835
206004035
206602816
206880234
206931182
207488555
208221812
208659866
209105604
209640197
210181405
210586954
211053817
212114346
212246603
212333310
212853205
213491984
214602728
216319292
216933168
217353165
217522467
218723206
219338096
219352534
220432925
220826010
222198991
222529810
223460083
223923319
224203685
224590771
224893095
225530334
225745511
226275106
226290608
227131527
227478730
227960478
228144579
230521440
230901367
231812699
231870327
232715154
233222057
233445386
234021087
234599647
234793245
235908612
236218143
236310980
236557181
237120915
237921267
238528773
239003333
239154167
241531471
242411946
242766616
243034485
243098257
243623982
244310144
245867923
245883918
246066876
246212117
247396351
248561259
248686161
248793535
249339359
250954761
251029114
251481376
251824046
252163148
253373666
253758534
254273494
254683188
254745441
255250896
255395012
255587723
255805901
256394870
258175661
258633571
258653637
258655084
260199849
260316624
260535458
261035455
263065289
263114973
263414209
263971406
264708668
264870413
265104312
265349287
265793198
266439304
266960265
267111765
267158548
267217872
268264878
269374949
269736473
271004047
271371180
271912824
272200935
273962504
274424774
275236314
275895709
276669016
278326899
280124670
280132886
281386188
281572102
283042452
283535404
284731354
286594659
287138050
287152903
287686662
288043791
288103495
288172906
289083618
289363212
289602034
290680717
291270451
292118702
292374495
292633380
292729035
292805952
293382976
295533528
295785986
296180222
296253068
296397442
297383394
297733547
298823281
299358771
300051153
300323937
300854992
300971582
301089080
301667876
303372831
303518509
304123291
304586187
304822340
305111085
305978935
306305020
306758473
307002256
307565286
307875303
308795625
309784882
310710832
311006596
311200770
311477691
311592870
312853310
312943270
313241160
313256733
313482273
316369953
317078941
317108894
317181181
317269582
318469200
318667746
319698544
319700116
319792156
321413392
321479874
321925265
322029989
322289966
322474274
322850745
323250377
323342716
323352475
323989039
324599535
325758735
326050899
328498740
328795110
328911980
329250587
330121591
330482606
331113605
331365957
333093259
333824742
337456106
337952172
338036433
338188481
338889275
338900332
339888277
340211257
340811706
341371927
342366444
342895577
343529754
344176627
344727815
346533334
347108100
347219279
347569723
348015456
348833158
349125698
349313309
349489121
351234413
351403701
352220121
354145107
354353895
354436933
354533056
354542571
354685825
355150903
355333117
355787433
356178828
356450723
356543115
357673102
357718908
358089928
358337690
360580580
363029399
363271493
363305606
364680387
364791256
365692583
366482610
367219174
367234854
367278033
367370956
367503062
368234821
368746417
369452790
369661310
370040236
370094977
370357636
370825800
371817465
371875925
372165201
372333952
372714246
372790145
373058616
373958906
374435925
374544409
377267300
377313014
377343876
378703998
379713741
379743559
379843839
381049894
382828642
382892354
383068052
383996334
384280285
385034798
385280143
385676814
385730204
385776819
386764552
386979249
387202856
389088808
390017634
390212157
391982451
392185316
392821009
392863375
393137995
393614340
393724085
393816236
394161779
395200378
395218288
395230560
395707805
396146260
396883213
397457709
397838647
398633175
398876306
399259515
399361799
400076104
400353766
402552538
403442758
403517493
404562109
406725594
407157232
407247186
408447420
408455852
409285339
409489639
409638739
410037572
410418157
410645841
410689993
410857660
411425812
411969781
412303142
412596296
412849246
412891176
413352840
413785309
414000962
415918839
415962639
416020179
417464195
418035181
419169494
419371051
419694914
420270523
420346593
420369533
421256260
422724434
423310641
424284395
424447722
424864501
424867472
425020421
425211047
425213100
425389765
426803959
427115814
427217594
428071698
429101363
429529760
430504671
430798453
431699808
432058439
432184588
432615559
433607562
433998698
434075529
434160894
434197204
434315595
434559072
434674730
434705465
435221868
435445791
435832342
436060723
438205316
439206451
439354767
439758513
440470031
441052279
441969654
444660121
444779160
446125310
446647227
447056703
447059548
447590716
448000131
449959057
450093517
450404290
450564153
450844924
453027548
453030922
453115265
453566592
453648857
454381985
455233019
455479154
455578790
456395215
456555407
456612221
457095597
458229412
459196427
459778326
460091617
461291116
461764012
462139658
462642324
462947087
462996989
463774358
463947781
465346911
465883919
466226479
466764130
466800002
467255847
467517924
467795845
467872200
468099225
468779041
468982943
469442798
469676651
471057623
471120019
471364368
471457500
471530515
471626067
472975019
473182194
474329955
474706584
475446683
475524409
475872019
476286464
478203120
478235987
478495956
478692869
479838101
479985397
481518202
481814161
481961636
483294157
485744342
487003459
487071643
487390469
488077081
488303455
489066740
489796763
490327643
490612122
490961255
491442606
492259749
492983922
493180380
493742680
493837355
494254229
494378052
494427045
495051835
496800736
497187590
498121088
498158143
498272228
498495497
498891500
499469255
500437612
500456002
501252198
501704802
502253744
502520771
503051705
503228673
503424302
503529244
503699792
504247481
504735216
504827914
504985999
505180745
505874205
506390818
507080233
507352278
507434646
507500549
507762372
508470250
508561581
509318391
509902478
510029362
510630925
510757407
510783226
512872246
512888879
513197538
514513514
515390879
515881255
516192770
516646151
516703733
518069055
518208098
519172188
520202690
520241043
520246679
520719276
520768136
520777664
521144140
521622931
521851241
521854263
523670454
523766031
523819287
523831192
524177349
524467370
524916433
526293830
526340758
526609580
527307075
527418046
527480143
529361275
529479282
529520320
529567957
529801370
530613931
530664535
530704653
531287032
531623562
532744355
533052866
533126621
533312000
533539808
535339102
535432826
535464019
535999229
536730190
537086845
539224102
539382440
541247790
542368572
542685819
542957529
543205615
543420970
544220994
545018118
545034059
545186408
545266956
545820457
545877377
548120395
549497095
549878314
549962691
551173335
552138417
552950886
552955263
553175237
553320668
554254650
554411004
554431886
554701932
554978025
555102418
555443967
555730384
555788769
556270054
556697212
557150944
557380897
557465679
557512755
558352505
558489534
558806925
558941451
559722651
560348916
560532116
560911974
561194927
561263914
561276046
561913031
562019670
562686587
562875409
563930787
564100215
564535300
565003905
565597800
565666753
566103342
566383363
566482273
566688629
566858828
566926353
567153791
567242711
567432245
567506329
568951983
569456264
569915746
570045012
570690645
572935497
573331649
573492093
574054657
574279655
574535907
575089164
575180747
576421207
578066992
578469168
579160741
579392047
579520174
579769321
580223585
580229137
580359612
582013064
582173212
582318655
582612003
583064415
583646380
583818088
583871383
584703006
585395006
585499207
586984654
587544401
587888948
588262684
588297313
589497240
590280244
590321591
590659733
590835861
590883849
590970618
591509337
591803286
592199041
592483902
592920799
592939448
593651366
593916321
594898850
594920341
595258623
595331779
595692902
595727959
596200096
597212775
597488512
598099160
598162912
598562557
598801026
599217509
599401532
599572689
599700850
600145162
600588414
601725945
601852740
601885365
602313198
602517699
602712518
603059948
603579940
604745597
604764189
605162331
605227806
605332569
606517399
606684436
606828021
606843525
607345863
607427935
607522696
607549251
607630441
607732215
607733252
608572014
608958749
609790660
609814629
610352546
610491870
611048160
611229465
611237507
611316835
612013530
612125907
612539941
613747037
613921398
614485758
614627396
614881614
615444685
615545229
615687570
616143112
616393935
617260080
617275072
618614790
618887023
618952777
619270734
619382414
619562704
619715647
620166367
620949142
621293416
621465633
621772166
621867237
622622033
622732498
623489191
623697593
624793441
625768963
625908986
625911277
626155386
626219734
627176953
627199351
628119103
628658781
629664395
630134991
630174191
630900483
631049906
631170506
631184467
631515990
637049781
637656183
637800188
638061808
638541465
639339841
639350429
639353985
639961408
640285785
640396149
641104589
641427380
641519171
642410260
642502449
642999486
644355275
644466766
645382846
647278628
647857043
648368285
648390010
648557691
648741560
648858970
649471060
649512851
649774084
649964124
652806946
653400088
654476531
655374597
657433089
657631420
657734269
657815305
657878692
658067606
658432753
658623122
658695882
658902492
659518225
659872565
659934250
660455921
661187186
661898332
662036478
662067981
662485122
663032308
663791932
663862446
664053361
664135495
664614599
665641003
666702344
666875024
667808331
669129947
669559384
669775330
670674195
670694142
670869794
671369052
671432836
672411289
673084781
673093199
674943434
675400907
675827590
675882132
676296775
676982867
677091518
678157715
678889622
679818600
680296067
680456457
680630696
680668314
681003913
681758548
682303449
684245097
684629556
684664216
684964954
685057255
686528228
687208519
687402420
688491439
688742774
688782276
690769992
690976309
691014997
691474211
692464691
692806155
693656492
693882870
694329670
694469251
695926618
696345088
696683795
696956596
698828507
699095611
699865631
699897842
700066511
701218925
701363778
701950703
702693970
703303051
705402012
705717538
706759343
707476312
708600583
708764382
709206565
709593361
709645917
711237578
711827500
711873096
712691305
713060306
714474285
715031750
716375205
716498596
716923159
718105478
718788890
719659179
721125266
721447318
721685001
722490214
723098397
723225580
723316243
723524014
723851243
724638117
725662757
725932043
727628377
727918815
728131554
728989948
729625397
729683622
730337585
730546611
730595121
730825977
731102538
731808592
732158536
732505304
732948396
733557382
734072013
734251619
734824079
735109676
735831446
737759010
738026536
739106694
739675537
741146656
742559864
742703626
743168990
743464115
743535574
743644212
743656399
744769244
745185386
747588472
747684559
748269307
749072505
750881516
751536590
751564108
752065966
753296475
753600947
754436803
754445976
755150979
755308151
755658673
755759144
755886952
755961743
756200931
756470541
756932484
757036004
757819310
758431554
758473441
759035079
759051772
759912812
759999804
760108727
761326528
761572420
761778959
761984793
762901491
763586710
764070248
764342761
765036896
765969312
766083347
768219346
768265427
769580177
769827895
770014448
770379353
771869447
772112095
772383158
772422392
772642353
773090832
773161694
773750335
773900765
774181836
774397514
774404264
775243897
776483909
777883782
777895847
778147004
778608897
778709806
779075951
779528924
779941554
780557196
781819993
782123323
782225969
783265796
784238134
784574044
785374161
786914088
788123422
788559035
788612267
788862678
789012988
789749829
790195984
790236255
790406352
790964095
791308608
791624995
792704960
793098044
793582073
793776433
794593420
794745856
795080885
795180329
795642275
795658164
796101860
796629121
796820586
796922078
797083595
797303765
797595759
797644885
798196623
798873519
799070764
800163903
800184489
801539313
802854890
803440517
803494265
803976402
804739975
806788114
807294247
808847923
809500811
809554072
809641231
809913487
810214478
810743534
810857825
812967280
813678321
813709896
813902074
814501240
814575962
815981827
816153589
816992389
817031840
817970267
818085321
818361268
818981240
818985452
820331743
820847428
821391975
822033232
822079249
822229946
823204551
823543386
823714814
824961359
825357764
825585497
825679304
826543651
826936410
827188980
827278990
828225164
829247830
829656113
832483969
832778559
834149418
834761394
834923813
835308878
837156535
837632669
837678387
837926496
838066186
840902351
841543075
841914234
841919164
842543291
843090264
843903290
844270554
844537352
845720294
846338285
846605106
848050477
848204065
848231300
848587403
848775882
849881737
850772046
851276078
851347000
851434497
853194738
854310315
854348238
854968882
855448750
855753509
855753716
856755672
856953606
858126140
858264909
861046649
861169614
861844486
861924367
862259817
862287911
862329868
862946387
863421480
863481700
863654066
863710272
864273119
864408680
864472973
865410060
865761184
866399402
866459956
866513248
866618161
867984332
868085526
870127128
870314042
870923516
871021981
871086799
871222766
871333042
871894293
872711016
873327206
874021487
874058898
874401291
874512963
874869813
874953732
875915822
876305131
876389188
876460767
877184442
877582405
878078280
880082404
881574004
881648966
881854074
882006144
882066223
882101215
882911460
883105262
883358320
883703833
884515752
886407091
887122719
887190841
887590404
887750123
888026924
888384660
888506915
888573063
888796633
889562872
889707592
890957014
891024144
891096421
891430980
891933324
892546948
892930984
892991021
894231279
894856819
894925460
896641446
896666811
898800545
898908205
899927681
900238912
900550470
900619127
901313640
901410033
901979674
902171076
902416021
903254421
905096958
906139736
906522011
906613470
906993506
907845583
908164944
908462901
908823428
909035868
909841343
909978538
909979816
910706769
911200105
912241882
912365512
914695370
914846563
915706924
915889158
917465556
918148381
918333092
919359206
919469783
919511589
920460382
921337913
921486684
921577437
922452462
922855945
923415711
923921833
926210124
926274779
927240674
928343976
929299087
930049090
930224022
930377863
931015084
931589772
932935334
934003741
934638705
934816159
935486005
936113894
936564221
936815525
937082168
937995889
938504810
939036971
939147972
940360916
941166154
941324174
941603623
942410376
943165692
943317090
944892930
945093875
945424012
945556541
946078667
947150399
947492864
947559710
947685664
948032514
948349021
948616476
948627591
949443628
950773212
951973021
952118347
952488503
953022946
953517825
954629645
955899684
957560207
958470506
958498066
958887903
959741275
959847091
960004294
960267347
960504717
961050977
961925358
961939880
962051351
962275323
962639436
963156174
963923035
964053600
964066143
964103766
965134962
966491489
966645947
966835844
967196989
967516595
967984032
969940941
970050409
970316263
971009769
971126637
971189218
972314970
972340108
973436261
975413942
975576316
975641158
976279557
977466499
977970901
978222889
978447047
978718529
979032758
979200421
980061246
980195409
980362685
980741576
982010803
982382420
983580531
983603960
984152196
985787894
985808561
986127018
986274910
986505688
986548189
988095413
988115277
988375070
989137180
990136311
990510785
990752621
992388515
992664474
994990342
995159230
996067427
996737077
998024233
998497420
998588035
998777873
999097325
999216386
999657567
1000317153
1000913911
1001232672
1001786756
1002765758
1002777520
1003689301
1004296620
1004332760
1005690996
1006314532
1006545764
1006648463
1006967314
1007049756
1007453751
1007474893
1007574124
1008005453
1008953994
1008986189
1011129215
1011360070
1011492067
1012071603
1012121879
1012300876
1012318781
1012526317
1013323341
1013428394
1014842639
1015026345
1015708095
1015996387
1016205980
1016278059
1016653618
1017354231
1018567636
1018833817
1019267788
1021302299
1022288179
1022392469
1025774450
1027713634
1027739491
1028747051
1028916234
1029103137
1029203895
1029546191
1030732946
1030996935
1031065270
1031420529
1031780648
1032022043
1032453543
1032614125
1032649019
1032667698
1033101125
1033222720
1033504294
1033647690
1033784385
1034012032
1034563257
1036098102
1036284572
1036466403
1036649972
1036656276
1037389737
1038045144
1038139012
1038175365
1038828074
1039758974
1041010480
1042252431
1043128238
1043342182
1043520805
1043941525
1044023983
1044241727
1045469379
1045791447
1046544395
1047116002
1047278130
1048172981
1049282750
1049407092
1049558670
1049724447
1050147544
1050519577
1052279031
1052460903
1052497600
1053433466
1054235460
1054341400
1054385589
1055462740
1055639035
1055804134
1056175380
1056407385
1057647538
1058229869
1058412890
1059714455
1060108186
1060713068
1060733355
1060870970
1061026400
1061109089
1061706950
1061888735
1062162137
1062589701
1062857871
1063263140
1063965454
1064202457
1064214921
1064238032
1064507047
1064982703
1065216078
1065222948
1065332898
1065834140
1067148289
1067211004
1067353918
1067576413
1068462109
1068736352
1069251386
1070070346
1070730241
1070739100
1071424553
1071715743
1071836290
1071859024
1071895169
1072051957
1072562121
1072929891
1073653108
1073737962
1073865901
1074133712
1075169568
1075632049
1075778080
1076264540
1076351788
1079676626
1079721367
1079866630
1080050492
1080089028
1080134152
1080904952
1081001015
1081196969
1081988531
1082228198
1082946842
1083249832
1084458791
1084508883
1085701917
1086128749
1086395885
1086961907
1087121594
1087130480
1087146054
1087472656
1087477047
1087588846
1088564107
1089316657
1090407378
1091526885
1091604821
1091668636
1091915558
1093138218
1093838990
1094217893
1095280190
1095961024
1097131071
1097319719
1097516249
1098018189
1098060095
1098400430
1098588563
1098626931
1098638878
1099088418
1099263635
1099585859
1100433280
1101047366
1101189443
1102082402
1103015952
1103633103
1103910043
1104060329
1104439766
1106463793
1106731603
1106841728
1107705155
1107818264
1108037880
1108204025
1108373881
1108962112
1109464500
1109521989
1110095972
1110128851
1110732661
1111470172
1111602194
1111653124
1111743231
1111781714
1111913772
1112091286
1112403230
1113292002
1113365966
1114888933
1116021751
1116413012
1116430868
1117697432
1118088541
1118673358
1118894342
1119382077
1119448804
1121440978
1122159092
1123251318
1123971751
1124304735
1124337904
1125014776
1125656742
1127137455
1127688227
1129228388
1129588082
1130348744
1130554483
1130763734
1131555223
1131775929
1131856132
1132201871
1132235064
1132498030
1132530809
1132569820
1133530034
1133699344
1134420623
1134958768
1135786449
1136336463
1136431860
1136564328
1136888558
1137970642
1139450518
1139500093
1139629624
1143554366
1144056468
1144391169
1144614045
1144718699
1144744450
1144982273
1145030880
1145848934
1146272578
1147291639
1147525729
1148529194
1149546242
1150010777
1150330333
1150541455
1151119293
1152477276
1152579404
1152718545
1153521319
1153624964
1153923396
1154046043
1154448571
1154673979
1155734084
1156135138
1156245788
1157533803
1158194393
1158271725
1159294539
1159673692
1160664265
1161742046
1162010675
1162589682
1163009976
1163230488
1163647259
1164573107
1164912659
1165907892
1166765267
1166886073
1167862604
1167894232
1168915129
1170520402
1170983387
1171285527
1172370384
1173578164
1173703981
1174748444
1175726418
1175981976
1176423012
1176521702
1177757554
1178181199
1179559814
1180288357
1180417096
1180590264
1181045949
1181953886
1182021873
1184196566
1185104551
1185175855
1185472248
1185684055
1186000680
1186382538
1187993804
1188799483
1188937165
1189103079
1189697172
1189741557
1190699277
1190858542
1190880033
1191053475
1191145348
1191754209
1191768540
1191872305
1193321997
1193366005
1193631403
1194396358
1194575940
1194778724
1194956086
1195841501
1196098669
1196270301
1196301342
1196588018
1196895685
1197556394
1198213250
1198649513
1198671078
1199452145
1200156868
1200206646
1200390115
1201894728
1201975291
1202816381
1204073744
1204373828
1205257912
1206044160
1206239454
1206288975
1207224891
1207559695
1207858469
1207878703
1208282153
1208978340
1209341418
1209383950
1209494090
1211000149
1211561345
1212034496
1212825714
1213100193
1213481731
1213630485
1213840924
1213950910
1214066651
1215157702
1215284674
1216112349
1217110031
1217207484
1218504214
1218680435
1219375831
1220659926
1220957115
1221713497
1222235389
1222947311
1224235107
1224502445
1224658799
1225214245
1225234676
1225249189
1225633877
1226880137
1227191669
1227380487
1227677200
1227868730
1228407465
1228692312
1229483019
1229754594
1231316817
1231655026
1232151339
1232404127
1232649194
1233640456
1235000272
1235907430
1235968137
1236348898
1236364654
1236639397
1237781641
1239593131
1239826047
1241089219
1241416407
1241570933
1242511893
1242736452
1242940331
1243093090
1243918816
1244012422
1244781210
1245549874
1246703871
1247078782
1247488847
1248797979
1249534136
1249664592
1249807870
1250697762
1252073196
1252133858
1252799116
1254256522
1254454000
1254804956
1254905989
1254919850
1255752845
1256354407
1256706241
1257765715
1258108139
1259685121
1259913059
1259926952
1260289587
1260303208
1260674693
1260954672
1261228395
1261789972
1262687066
1262960618
1262962569
1263340666
1264258407
1264484286
1265281183
1265617331
1265622538
1267108435
1267633937
1268148663
1268377689
1269891093
1271830477
1271855274
1272271740
1273354034
1273749101
1274080469
1274552824
1274816748
1275064757
1275926024
1276485079
1276542121
1276549066
1276988973
1277194982
1277600791
1277610139
1277765159
1277809365
1279794673
1280184489
1280627200
1280674658
1281569598
1282296102
1283754926
1283889948
1283926127
1284120511
1284167130
1284354846
1284640988
1285495994
1286414694
1286908144
1287112161
1288012291
1289588177
1289891049
1290868576
1291722560
1291953063
1292647895
1293447766
1293629761
1294322544
1294452844
1294895378
1295178543
1299499974
1300241848
1301995315
1302032593
1302403147
1302673513
1302981955
1303300053
1303536341
1305140241
1307286786
1307298744
1308031567
1310636565
1311546953
1311793927
1311994684
1311995108
1312711835
1312786116
1315051811
1315222443
1315293816
1317149645
1319427485
1319553409
1320837344
1321003733
1321580712
1323357408
1323558289
1323653021
1323699354
1323891979
1324399520
1325762012
1326540046
1327550542
1327553106
1328001255
1328430075
1328761749
1329005157
1329794921
1330236687
1330837966
1332245776
1332286281
1332683869
1333490273
1335230491
1335459455
1335510845
1335801116
1336540433
1336879133
1336991672
1337081307
1337168411
1338244763
1338762801
1339131855
1340874498
1341025057
1342305458
1342896648
1343527930
1344533990
1345862901
1347348410
1347598219
1348377234
1348735991
1351436577
1351657638
1351819469
1352656044
1353126325
1353300513
1353352048
1353439846
1354387645
1354992063
1355466142
1355847000
1356903669
1356921411
1357088046
1357674802
1357764210
1361391869
1361413409
1361604684
1361782394
1361927325
1364068473
1364878974
1364978455
1365407244
1368421614
1368867782
1369339932
1369884569
1370281000
1370865642
1371353696
1371863276
1372077246
1372556033
1375028115
1378884706
1378941786
1378993886
1379642525
1380196980
1380586782
1380709300
1380820471
1381801060
1383378643
1383425744
1383502676
1383694023
1384059026
1384267591
1384568857
1385326804
1385858173
1386121641
1386292058
1386447038
1386811153
1387012693
1387654651
1387736869
1388473917
1388557950
1388680118
1389115516
1392055597
1392568770
1393880067
1394250330
1394692435
1396501128
1397533733
1398124968
1398183432
1398703880
1398775977
1398879034
1399428987
1399958444
1400909041
1401262439
1402237846
1403201480
1403369187
1403984557
1404074426
1405422596
1405439520
1406797061
1407200874
1407503670
1407557563
1407945666
1408111984
1409203367
1409223532
1409755493
1410356365
1410412337
1410447556
1410479504
1412678585
1414231833
1416727139
1417177473
1417273473
1417375811
1418578408
1418997222
1419032101
1419515093
1420271020
1422765478
1422789626
1422811096
1423045440
1423197306
1423199809
1423261018
1423898899
1424236058
1424581882
1426894597
1427294823
1427411612
1427468285
1428611793
1428637570
1428651720
1428697382
1429745547
1430523139
1431765751
1431815662
1433599094
1433654211
1433936749
1434040736
1434110063
1434582473
1434817597
1434997582
1435070783
1436004617
1436075851
1436387192
1436667416
1437419774
1438063008
1438163968
1438333717
1439932880
1440266991
1440349839
1440979121
1441431111
1441488566
1441699436
1442337550
1442376142
1443405646
1444787311
1445345603
1445625005
1446565883
1447379568
1447463755
1447831808
1448216711
1449019410
1449286319
1449304076
1452002347
1454452367
1454559557
1455109826
1455179219
1455516677
1456213662
1456619671
1457583264
1461953998
1462020876
1462078182
1464748325
1464883040
1465358339
1466816289
1467201356
1467652015
1467705304
1467789905
1467825511
1468981650
1469387714
1470289615
1470898598
1470987389
1471214022
1471956540
1472665196
1472682276
1473819440
1474264818
1475126613
1475235498
1475323960
1475706103
1475727650
1476728397
1476755625
1476936677
1476971423
1477068624
1477369038
1477662916
1477936003
1478298252
1478986878
1480287294
1480527948
1480621881
1480634003
1480901429
1481303800
1481309260
1482020901
1482123452
1482548633
1482800624
1484224547
1484287086
1485529098
1485556790
1486604513
1486888186
1487020745
1488116815
1489739224
1490067560
1490068765
1491356424
1491437170
1491454468
1492469730
1493280691
1493310965
1493740095
1493790694
1493890921
1494109408
1494426753
1494499766
1494890613
1495759938
1496203530
1496819032
1497144819
1497841592
1498754196
1499297186
1499523453
1499675457
1500636550
1501594049
1501880166
1502585353
1504133115
1504205400
1504633881
1506038529
1506327857
1506413947
1507838153
1508540564
1508552221
1508633030
1508678164
1508710682
1509394160
1509485163
1510320808
1510644740
1511354741
1511377659
1511603187
1511850426
1511943278
1512603316
1513259386
1513490373
1513931914
1513978790
1514934102
1515242699
1515717176
1516288300
1516313415
1517247016
1517795803
1518760637
1518786025
1519534158
1519784927
1520326954
1520469715
1521742111
1521829224
1522259865
1522778853
1523424934
1523523519
1523818006
1524174273
1524522684
1525283031
1526896021
1527024930
1527467726
1528091398
1528258226
1529634020
1529865456
1530240599
1530794227
1531286381
1531340155
1531720702
1533044255
1533401733
1535130611
1535197123
1536799137
1536970973
1537546487
1537900951
1538456969
1539807848
1539947872
1540045676
1540356267
1541015136
1541981025
1542159960
1542284209
1542757732
1543286850
1543374542
1543376030
1543801605
1543896332
1544151579
1545023163
1545619967
1546313935
1547036770
1547554978
1548107927
1548181405
1549035383
1549513517
1549732289
1550717414
1551710238
1552139805
1552943217
1553110775
1553875109
1554765677
1554910602
1554978022
1555429997
1556077263
1556170026
1556758424
1557865036
1557986974
1558573253
1559722909
1559790293
1559956993
1560728387
1561438211
1561655788
1562321341
1564408161
1565760449
1566029813
1566651380
1566932723
1567427723
1568113522
1568350348
1570424980
1570675035
1571920003
1572154509
1572608805
1574527554
1574665809
1575634851
1575758203
1575945656
1577012075
1578104386
1578470912
1578527867
1579018544
1579519174
1579776234
1580916957
1580934242
1581020837
1581415133
1581866413
1582158557
1582209490
1582699175
1582736021
1583514965
1584011941
1584961676
1585484857
1586395871
1586995067
1587126794
1587520968
1587531846
1588379350
1588996727
1589116407
1590370725
1591411719
1591507199
1591783337
1592734966
1593463115
1593608275
1593684081
1593978714
1594013624
1594847050
1595468880
1595623191
1596194434
1596365140
1596527272
1597916731
1598031112
1598126687
1598419746
1599303500
1599492892
1600098179
1600382250
1601972807
1602456277
1602820412
1605509432
1605958518
1606015382
1606728145
1607239144
1608212431
1608244591
1608441866
1609589379
1609940590
1611119272
1613023879
1614103085
1614448564
1615580724
1615680677
1617812894
1618755770
1618944241
1619032489
1619128071
1619201033
1619214375
1619513321
1619620120
1620151885
1620723370
1620787368
1620945667
1622632039
1623731033
1623747656
1623844670
1623891323
1624268933
1624554039
1624931855
1626922886
1627233082
1628322424
1628472459
1628691610
1628909514
1630348817
1631223355
1631840797
1631984014
1632466375
1632475292
1633031218
1633934614
1634576033
1634803653
1634860918
1635803411
1636424642
1637779459
1637850015
1638352789
1639154826
1639223374
1639814282
1641736189
1642456926
1642485602
1642811555
1643040417
1644220820
1644423989
1644735600
1646170578
1646765794
1649015357
1649025600
1649433184
1650162750
1650264972
1651445350
1651542787
1651934154
1651977723
1652623219
1652815478
1652950872
1653132027
1655290470
1655367945
1655416968
1655987679
1656137241
1656374462
1656426810
1657084807
1657791438
1657968524
1658460394
1659135262
1659444433
1659453153
1659563663
1659717870
1659936862
1660332688
1660626137
1661375897
1661430309
1661657160
1661721006
1662041044
1662976760
1666308527
1666343353
1666767509
1666801559
1668250304
1668428856
1668488382
1668594328
1669616383
1670875403
1671682477
1672208840
1673322390
1673529439
1673604340
1674676820
1674745764
1675503503
1676006794
1676210141
1676834413
1676892922
1678764811
1680731643
1681626169
1682032803
1682666837
1682995018
1683512930
1684595471
1684740423
1684826174
1684958443
1685789522
1685864350
1685911917
1686038705
1686685556
1687407837
1688706929
1688788221
1688889708
1689671002
1690100787
1690423021
1690432334
1690691721
1691733091
1692324947
1693550005
1693614220
1694313941
1694359775
1695143890
1695913305
1696640837
1696958285
1697323987
1700233739
1700360001
1700539163
1700615090
1700866758
1701797802
1702313624
1703630147
1703891097
1705206111
1706502811
1707352355
1707428412
1707474335
1707843084
1708173953
1708485199
1709724788
1709895806
1710485826
1710963066
1711958229
1712019563
1712305729
1712646488
1712651030
1712751525
1712759356
1713146334
1713557594
1713715326
1714584017
1715394542
1715844462
1716798233
1716911313
1717772712
1718737540
1720480233
1723395490
1723539694
1723717645
1724334218
1724615023
1725207863
1725589610
1725725290
1726460259
1726520724
1726541941
1726705287
1726740710
1727198450
1727214628
1728011912
1728298516
1728961508
1729667919
1730424990
1731022427
1732461142
1732825909
1733127846
1733873057
1734956148
1738912716
1739376456
1739961694
1740046139
1740410922
1741154034
1742026598
1742133525
1743060884
1743353475
1744042465
1744745455
1745014632
1746266167
1746510800
1747920200
1748337243
1748863002
1748997059
1749261895
1749458755
1750353421
1751171657
1751998344
1752612308
1752791575
1754920157
1755086181
1755162728
1755383551
1755717466
1756667148
1756712991
1757096662
1757687306
1757736234
1757987146
1758446572
1758733030
1758764945
1761124897
1761771231
1761855854
1762057535
1762684705
1763158642
1763874170
1763992825
1764329452
1764987089
1765390181
1765524744
1765608960
1766070675
1766682001
1766932050
1767308304
1767601392
1768552125
1768834823
1770648913
1770788134
1771822708
1772129873
1772427242
1772884050
1773587867
1773688810
1774835879
1775111955
1775254780
1775834514
1775858868
1776653423
1776740694
1777149549
1777552273
1778421359
1780238288
1780509464
1781750537
1781903880
1782339294
1782369010
1782587399
1782948995
1784054876
1788140874
1788262659
1788434398
1789184463
1789356094
1789616254
1789941465
1789949755
1790136817
1791168105
1791379098
1791482201
1791502330
1791593396
1791713838
1794130091
1794557015
1794588584
1795104799
1795519685
1796231457
1796665584
1796688070
1797826895
1797957957
1798079988
1798107922
1798125628
1798180197
1798291225
1798472078
1798740082
1798928484
1799392060
1799502189
1800619415
1800651971
1801059338
1801213281
1801465282
1801708947
1801784716
1802202240
1802911518
1802921918
1803615761
1804082738
1804843679
1805848168
1806025948
1806347278
1806430994
1806534229
1806567873
1806657323
1806867538
1807124431
1808167155
1808723420
1808836343
1809184128
1809611199
1809625480
1810061378
1810918417
1811968536
1812592655
1813671694
1814068416
1816196079
1816911607
1817352926
1817763002
1818257753
1818433007
1818476318
1818676826
1818925226
1818951092
1819073948
1819117334
1819161876
1819587414
1819626479
1819778813
1820097482
1820173719
1821638987
1822251152
1822623475
1822844129
1823729532
1823778525
1824288819
1824449618
1824489752
1825106637
1825596474
1826516293
1827249348
1827389498
1829212839
1829629116
1829696012
1830181728
1831011850
1832269371
1832669519
1835000321
1835089170
1835188492
1835951476
1836876145
1837633213
1837702521
1838334688
1839416233
1840197968
1840610322
1840697120
1841845036
1841959122
1842016580
1842019982
1842136530
1842171167
1843528806
1844186409
1846694572
1847641241
1848111992
1848747374
1849354965
1851421817
1851447505
1851552652
1851817566
1852389430
1852634355
1853355034
1853484325
1854134007
1854921929
1855602101
1856321580
1856485652
1857506180
1857906529
1858138535
1858258650
1858278078
1858450144
1859033701
1859053387
1859465391
1862123194
1862356871
1862420016
1862647989
1862989154
1864639773
1865332950
1865533975
1865728499
1865860878
1866027844
1866281504
1866406113
1866576080
1866889128
1867979675
1868130956
1868469099
1869486553
1870226406
1870411553
1870579736
1871198027
1872151521
1872427043
1873106232
1873106311
1873458895
1873847325
1874317038
1874468565
1874719031
1875801875
1876508619
1877580622
1878041688
1878416419
1878529661
1879638639
1879961272
1880094051
1881026421
1882285039
1882980127
1882997941
1883891597
1884144886
1884220060
1884408932
1884506664
1884753888
1885156211
1885393760
1885752270
1886857796
1886972784
1888604945
1888715710
1889177740
1890040395
1890143837
1890207571
1891537093
1892022635
1892038289
1892849298
1893154474
1893205265
1893728128
1894464066
1895092619
1895414711
1895417928
1895441817
1896305497
1896426132
1896487624
1896544797
1896883601
1897130041
1897961938
1898487703
1898513656
1898813357
1898825338
1898868700
1898873609
1898904288
1898969213
1899403442
1899528626
1899542455
1900177541
1900453804
1900521628
1900524957
1901210000
1901499174
1902648474
1903149444
1903255215
1903959306
1903967795
1904058358
1904136994
1904589217
1905046676
1905700101
1905702064
1905746352
1905809034
1905910267
1906039484
1906403606
1906458108
1906470585
1907290708
1907416870
1907676880
1907887158
1908008361
1908086442
1908723512
1908964548
1909426343
1909916438
1910690568
1911319965
1911504680
1913595405
1913803824
1915194337
1916476691
1917513965
1918939951
1919565765
1920088170
1920188576
1920367847
1920713116
1920850213
1921161144
1921821056
1922231862
1922349848
1922679775
1923116702
1924599692
1925987524
1926018888
1926160681
1927064261
1927481414
1928125423
1928626038
1928742077
1930032024
1930731103
1931150030
1931441230
1931472898
1932040203
1932154372
1932174768
1932414238
1932428202
1932503862
1933720552
1934092004
1935176282
1935229955
1936198590
1936365074
1936682675
1936684640
1936944195
1937080756
1938042325
1938065781
1938249117
1938323443
1938540533
1939629338
1941190511
1941265386
1941444921
1941475744
1941807523
1941843102
1942205192
1942574178
1942583929
1942676737
1942724684
1945070988
1945108596
1945337825
1945411218
1947228761
1948153872
1949257882
1949259438
1949455539
1950144576
1950146014
1951128400
1952052051
1952281025
1952829784
1953523999
1955555032
1956119755
1956697479
1957525292
1957632898
1958246981
1959002137
1959241725
1959622860
1959624015
1959802080
1959804160
1961215667
1961294658
1961369395
1963493766
1963771809
1963923376
1965520339
1965662301
1965857465
1966119907
1966660862
1966854950
1967166137
1968513495
1969411706
1969557609
1970684658
1971031733
1971188734
1971380283
1971456834
1971498858
1971529733
1971853325
1972266155
1972606204
1972975400
1973089629
1973804625
1974170556
1974301828
1974553634
1975445483
1975608631
1976383865
1976520477
1976666081
1977506444
1978116786
1978592873
1979145782
1979229843
1982022802
1982579436
1983623964
1984699009
1985454378
1986074141
1986445910
1987865919
1988147876
1990108813
1990837969
1991129186
1991487202
1993821684
1994158161
1994665493
1995022583
1995053165
1995681733
1995774839
1996274080
1996315917
1996743006
1997479464
1998711067
1998988243
1999733035
1999826561
2000240393
2000364972
2000383175
2000659059
2001401551
2001461222
2001956791
2002440848
2003122799
2003658788
2003961984
2003988010
2004038966
2004888927
2004924585
2005677054
2005799377
2005877720
2006283373
2006957313
2007443840
2007986085
2008883525
2009881151
2011762167
2012017023
2013233333
2013344794
2013903828
2014444473
2016000884
2016674614
2016678340
2019292188
2020815188
2020936427
2021779528
2022264726
2023267435
2023942652
2024402516
2024956144
2025563049
2025950901
2028290502
2028985618
2030137772
2030496783
2031118474
2031361044
2032025416
2032377823
2033854652
2034207772
2035228837
2035548006
2035818941
2036185106
2036942078
2037596173
2038156520
2038690816
2038904225
2039089842
2039141014
2039231352
2041037307
2041122583
2041586561
2042123530
2042174643
2042482321
2042794780
2043194423
2043244158
2043894814
2045016181
2045102878
2045726932
2046471700
2046784718
2046913112
2047104154
2048497209
2048653156
2049823019
2051149775
2052037788
2052225822
2052577405
2053630210
2056923706
2058111478
2058157273
2058689974
2059143938
2060021089
2060395272
2060699350
2061103984
2061317299
2061978845
2062248477
2062816599
2063153087
2063889461
2064496335
2064557109
2064864164
2065134782
2065173696
2067332314
2067871992
2067984147
2069280104
2070396107
2071203034
2071272454
2071847355
2071990491
2072324317
2072972162
2075361027
2076492882
2077160630
2078259069
2078812646
2080049878
2080057797
2080380602
2080690267
2082008317
2083028511
2083086594
2084305000
2084459374
2084515392
2084584085
2085026458
2085416501
2088959422
2089792792
2090067504
2090128101
2090891736
2090929114
2091252592
2091763583
2092088989
2092878311
2093095637
2093360128
2093840635
2094415088
2095174645
2095962060
2097996985
2098118493
2098137571
2098617227
2098621307
2098684249
2099301286
2100166387
2100200780
2100944062
2100996151
2101450653
2102204618
2102581950
2102668362
2102889662
2103371299
2104264971
2105398841
2105446911
2106241600
2106601025
2106928948
2107132203
2107623286
2108215902
2108275915
2108605275
2109067087
2109698615
2110326203
2110446904
2110632248
2112561133
2113619336
2114759200
2114858267
2115933979
2116190939
2116793899
2117377141
2118209993
2118409462
2119949866
2120662222
2120682503
2121720559
2122285571
2123849594
2123976432
2123990592
2127920486
2129641369
2129824030
2130006160
2130804877
2131115407
2131405267
2132713928
2132807745
2133427895
2133773710
2133867843
2134341220
2135627722
2135703332
2136439931
2137143458
2137511624
2137516794
2139545616
2139688832
2139844185
2139895558
2140636270
2141284995
2141600470
2141618160
2141795970
2142751751
2142804141
2143210474
2143434593
2143511797
2143928308
2143946338
2144693262
2145149296
2145178423
2145705091
2146068491
2146350830
2147197044
2147419936
