158817
1881874
2183479
3083692
4052243
4216808
4626382
4817593
5180918
5330379
5638697
6340470
7583871
8475273
8657983
9627604
9833213
10832326
10857103
11000742
11443806
11920438
12137523
12505165
12660958
13024208
13617295
13637376
13748467
14060393
14505905
15876422
16207275
16257584
17534958
18272951
18868912
19511552
20112739
20893149
21811892
22043389
22839341
23274267
23796535
24193257
24643371
25603199
25754114
26696199
26892901
26948143
27585437
27813423
29085557
30219384
31075782
31184795
31497562
32302878
33003029
33562028
37993039
38516441
38831298
39289606
39387058
39420318
42797933
43376196
45963867
47121779
47597402
47634043
47749346
47969287
48236469
48255269
48804617
48875947
50220096
50548470
50785691
51079907
51126242
51692876
52782307
53162097
53205387
53329067
53434566
53837454
54641026
54713952
55122922
56915584
58020133
58543761
59590250
59611580
60395423
61681569
62711607
63415280
63568926
64107528
64490573
64752369
64759742
65333078
66108366
66429211
66441138
67252219
67556653
67615013
68836022
69491759
70216971
71174931
71530694
72492486
74805482
75346776
76036253
76346169
77930957
79318045
81466615
81468616
84166746
84365444
84710647
84810716
84944064
85207789
85488407
85514828
85730515
85935193
86171673
86582037
88098052
88155253
88312038
88543146
89223741
89459421
89811837
89846970
90040235
90275825
90486176
90626420
91199537
91205050
91722643
91851171
92112468
92507907
93203737
93558436
93646968
93699800
93960154
94162698
94333099
95623393
96603462
96745839
96753903
97674254
99267561
99343737
99773473
99790771
100793800
100835278
101424160
102586318
102665075
102969828
104460590
104724009
105202259
105229176
106986890
108166756
108698739
108839656
110265756
111850230
112228117
113417876
113645065
114107223
114156552
114439891
115275336
115553429
115997519
116257790
116294866
116514457
117221023
118535590
118761460
120577052
122366171
122893560
123190278
123592560
125338862
125587556
125868619
126227707
126818926
127632772
128677389
128830202
129236460
131683982
132020073
133251249
134695763
134984420
135549206
135618887
136005393
136095901
136735915
136837674
137333896
137502753
137548433
137709163
137982746
138017399
138997983
139256575
139304515
139549665
139682330
139701773
140314559
140400517
140618972
140702521
142599088
143160928
145799944
149620570
150097756
150622674
150745345
150789408
150820814
151596003
151616901
152413414
152610647
153402311
154443843
154874311
155641950
156786194
157267650
157526498
159985803
160327911
160345172
161661107
161675789
161940635
162288404
162409181
162536592
163098052
163117520
163275549
163533437
163599793
163667469
164705022
164714053
164739755
165680166
166020363
166224998
166643349
167001527
167694668
168030509
168092028
168579167
169502743
169812685
170603041
170722170
170769929
170851380
171066048
171599177
171935022
171968037
172487311
172494333
172521398
173321662
173532183
173770835
175041757
175528650
175906318
176840770
176890601
178251032
178509231
179288921
179795939
179828262
180310983
180397503
181417892
182975989
183045854
183220001
185266501
185324045
186407767
186697522
186777244
187677829
187835374
188294819
189236547
189476701
189995079
190348446
190409443
190578604
192752966
192879263
192945757
193353588
193551829
194252083
194794748
194827632
195563457
195584123
195681086
195729823
196201743
197925987
198084581
198188126
198981814
199153164
199827187
200097456
201068304
201085203
201306664
201625382
201805621
203181249
203195816
203466940
203695241
204207755
205437680
206108611
208196543
208342411
209616231
210029137
210655347
210852029
211265797
211530661
211878410
212920004
213740566
213873690
213903970
214543035
215151022
215271730
215480523
215598278
215650311
215737752
215824088
216307843
216509043
217652573
217745483
218528777
218607554
218876335
219314138
220145609
220405989
220422692
220994720
221175697
221250658
221669384
221704952
222107786
223327442
224083180
224435813
225016930
225460230
226082905
226110438
226468416
226587972
227076238
227917215
229125727
229453694
230679169
231147502
231651601
231718941
232012730
232139495
232450783
232866470
233651666
233761488
233788519
234571957
234632877
234662514
234689400
234896176
235334836
235394759
235918457
236034449
236698700
236883725
237187492
237713492
237820368
237843057
237866462
238085484
238966006
239113949
239878067
239969086
240102634
240112881
240297369
240656980
241164564
241643493
242164523
242243321
242691835
242882553
242968469
244498368
245879779
246084650
248950066
249126401
249353254
249995539
250658939
251029624
251098275
252898761
254378788
254574640
255480523
255499453
255638894
255861427
256211069
256831100
256882241
256944160
257426567
257572071
258615369
259056777
260568340
260696623
263101258
263153930
263406502
263645009
263781945
263862874
264163558
264293217
264689566
265615518
265642812
266171226
268076100
268192902
270591736
270600622
270891493
271221621
271251341
271412926
272674505
273114110
273285761
273460452
273905623
273943293
273979006
274081250
274547189
274569595
275947994
276120731
276452174
277318904
277655815
278177893
279361343
279656742
280256993
281908381
282170925
282464273
282584499
282607014
282863447
283248299
284089952
285523809
285780166
287706780
288128935
288554754
288963006
289245304
289305167
289803124
290044869
290640326
290688842
291186214
292317492
293298714
293715521
294257493
295352412
296613508
296687041
296928467
297119363
298142443
298204292
298559353
298858810
298980918
299124502
299164067
299380269
299558973
299954503
300469503
300760724
301841543
302143398
302399183
302559387
303002594
303218583
303249932
303943347
304151204
304901118
305750274
305977937
306388352
306555625
307368646
308308129
308546357
309535412
310120977
310944973
311343165
311611610
311648292
311758863
312002390
312009910
312330568
312394954
313564478
313602208
314290623
314331734
314398847
314919029
315050120
315458631
316352821
317210586
317238349
317642613
318977670
319327972
319668195
320576719
320945402
321963638
323048903
323402827
323833266
324425167
325380257
325578637
326288891
327375407
327425472
327526795
327596594
327805632
329179508
329421818
329465187
329578770
329924000
330328806
331588199
332590977
333381229
333715877
334005176
334250730
334740158
334767564
334843542
335104572
335236126
335557999
336009944
336280097
336317959
336867947
338092178
339147712
342491714
342662563
342724547
343015807
343245507
343605025
344097045
344373254
344389766
344454194
344716984
345079276
346903922
347553724
348003865
348087044
348432145
348519044
348579852
348640717
348997116
351048717
351697173
352415452
354000858
354681895
354734834
354805745
355195265
355440279
355718492
356468376
356854105
357363167
358527439
358592154
358657299
358973976
359127734
360068160
360321408
361674545
361953293
362256717
363085756
363494969
363550674
364168421
364560994
365523064
365573831
366693671
366868934
367158063
367666253
368058981
368738488
369202269
369343418
369705683
369839554
370973308
371642620
372217009
372279046
372500637
372866603
373213044
373352614
373362722
373732708
374082799
374438782
375039211
376559957
377459964
379030380
379216698
379640794
379919845
381220630
381294456
382276464
382363327
382632795
382742697
383046923
385528071
385747288
386226147
386569119
387552918
387583775
387794719
388112966
388284936
388467082
388539138
388957486
389341981
389609164
389792303
389924994
389937992
390607121
391217850
391779827
392063103
392332311
392671046
393318170
393449234
393816545
394345891
394701907
395347097
397571355
398151630
398806813
399726276
400208683
400437810
400683425
400843449
401290402
401926598
402349143
402365166
402835757
402941101
403365993
406078451
406514604
407853943
408574050
408627742
409310244
409449578
410186146
411046837
411098782
411352634
411604067
412184403
412603909
413835371
414031122
415013998
415064397
415389463
415987650
416372927
416892301
417195367
417446026
417555340
417716231
418167813
418759160
419631063
420405815
421099735
421364327
421475738
421507704
422269059
422433970
422633398
423926628
423942454
424213277
424808316
425162729
425287417
425297953
425857573
425950139
426180506
428271298
430643247
430671131
430709471
431325655
432302612
432713531
432771334
432875106
432941683
433094025
433331784
433568721
434117919
434136968
434897741
435063766
435364798
435956089
436159488
436925540
436966663
438317870
438350841
438752578
438950901
439079766
440761314
441310046
441349070
442172727
442772622
442780810
444326951
444401691
444619119
445600231
446748077
449555285
450543013
450635990
450937824
450957819
451155333
451441393
452713661
453306670
454866038
455718892
455734444
455821040
456039998
456929657
459294645
460617803
460951260
461779900
462155806
462254485
462281588
462366485
463182163
464130879
464496609
465293142
465774128
465919568
466498472
466682047
466761244
466917282
467526709
467689274
467729621
467966967
467972518
468384172
469336187
470852313
470935171
471129555
471647567
473188552
473594015
473839355
474509963
474522354
475437072
475664706
476614768
476719762
477081304
477306794
477386219
478299419
478323554
478443695
479192232
479316547
479435232
482890939
483146545
483648397
483755155
484485457
484830719
485578335
485975904
486397610
488449291
489046897
489375541
489558542
489909967
490924089
491065485
491071145
492568871
492819393
492934245
493041307
493096058
493174616
493528834
493570216
494667843
494860836
495535140
495856777
496636786
496680042
496773181
497254434
497325600
497603203
498829041
499535775
499799505
499974315
502005078
502107586
502189752
502208053
502904223
503147683
503824550
504167046
504559601
504710145
505155089
506187572
506297558
506571484
506740219
506816316
506823641
507455578
507541180
507904863
508027858
508246039
508901513
508948962
509368155
511700640
512425163
512559984
512592245
513324284
513543897
513549406
514104038
514832486
515025638
515245834
515287353
515350402
515459524
516358637
516598241
517502238
518336380
518705274
518945765
520013982
520087948
520432673
520500148
520983654
521161831
522143476
522682361
523049596
524311658
525226819
526408119
526643525
527837754
528321811
528471485
528591598
530308173
531616682
532092997
532326208
533211982
533675121
533849955
533866658
533907937
534105528
534251246
535132017
535224737
535233204
536229875
536621329
536905310
537260612
537440416
537645474
538124077
538313267
538515111
538737031
538855463
539353645
539852369
540482961
540547669
542130336
542474348
542528995
542638565
543166114
543766380
544257888
544901288
545166340
545769382
546393613
546520171
546681083
546854648
547080998
547300266
547653413
548941596
549537177
551065540
551100557
551280215
551898408
551968237
552286678
552347682
552574556
552757612
552815557
553393222
554428928
554516985
555058426
555475502
556086134
556473837
556923311
557202831
557719307
558088734
559016634
559936827
560212937
562623040
563049933
563298776
563398665
563919702
564285121
564816577
566810580
566953399
567049883
569909911
570333112
570499828
570979537
571015298
571036881
571113588
571542580
571929894
571956993
572180471
572642522
573949024
574119883
574381772
575022260
575321226
575371063
576208585
577592133
577925506
578341602
579121856
579587446
579742022
581596680
583006427
583057156
583230831
583582977
584246291
585968439
586078271
586776528
586970703
588041788
588239989
588849228
588916551
590984744
591323736
592686651
592812384
592952725
593087948
593664713
594316909
594519642
594905007
596198337
596569772
597280500
598359918
598372900
598509799
599287899
600767866
601504450
601669116
601744071
601979974
604632584
604798591
605499312
606720521
606830418
607256086
608371387
609502743
610835274
611977806
612264591
612438094
614596069
614709804
615141845
616243642
616759658
616760228
616946578
617686028
618810722
619218069
619327832
620202593
620618662
621252439
622812921
623180777
623909330
624081359
625471498
628104855
628251856
630010291
630037499
630120739
630254528
630921418
632812054
632863464
632898079
633166561
633459532
633477362
634637025
635640348
636287451
637629933
637888745
637917129
638034891
638540557
640898435
641101356
641172759
641275045
641365178
641369382
641787020
642234555
642565570
642715520
642834008
643423288
643818729
643993238
643995033
645123352
645467219
645927860
647054205
648006507
648007208
649418310
649530855
650860558
651252790
651521638
652376512
653211217
653341606
654704749
654903723
655010411
655734758
655751716
655826180
656014657
656105591
656510301
657829113
659073793
659231477
659385097
659557741
660391775
660537907
660654399
660770907
661621268
663531045
664079921
664545439
664781646
665956926
666108183
666848463
666940796
667194433
667965802
668216064
668743086
670032799
670641888
671395010
671483384
671889731
673979688
674253823
674418983
675422276
675674375
676009290
676141912
676226862
677000708
677425683
677762111
677836627
678146600
678310955
678555606
678657303
680121950
680790297
680965281
681302637
681903544
682462598
682669094
682806934
683652472
684908341
684957105
684997901
685385653
686426039
686753291
687370160
687526007
688005935
688050993
688103465
689601644
689734602
689799527
691065937
692018478
692389562
692653126
692715659
694602098
694643399
695347819
696045333
696266400
696882040
697232353
697431595
697995370
698839087
700488031
700894551
700969447
703146859
703419263
704838663
704871731
705599540
705693840
706266701
706744165
707019370
707237407
707448692
708415894
708435238
708765006
709221703
709294657
710683983
710761240
710809200
710859486
710920274
711039383
711169019
711172800
711846929
712016877
713255204
713319719
714104948
714854000
715024417
715028727
715937992
716211736
716213083
716408394
716526167
716530582
716725838
718163538
718515169
719569596
719692430
720119066
722013769
723096713
723499198
723522689
725808441
726162783
726872564
727016475
727095871
727367625
727532423
727722962
728457494
728641067
729549244
729625000
730543190
730776829
731165086
731196470
731389678
731845964
731870711
732390036
732707011
732726669
734148353
734859977
735196301
735910505
736829391
737192685
738963136
739453353
740794239
741086601
741339820
742204744
742968475
743060597
743152675
743301753
743342261
743398106
743682927
744226728
745180180
745208034
746443884
747032194
747269952
747321557
748114639
749568710
749665702
750303339
750637549
750846189
751424241
751551825
752892692
753760947
755781939
756539219
757088445
758175919
758462772
759440391
760813279
760818317
760984050
761571853
762394934
762434540
762500044
762519541
763737109
763975024
763997349
764445201
766599453
767395791
767764434
769382740
770094582
770570484
770710908
770816261
771157679
771358132
772393721
773490858
773518836
773593552
773998989
775150903
775156061
776728226
776843742
776981270
777280438
778221682
778426148
778895350
779780662
779999726
780127059
780795322
780935737
781024135
781512902
782567542
782846076
782917108
783356753
783455809
784193761
784935793
785778551
785905559
786637665
786930660
787371653
788006585
790300048
792419624
792890906
793048949
793135552
793797508
795667301
796030965
797246949
798197830
798427770
798450344
799309091
799322597
799567467
801182457
801194942
801751892
801933627
803049360
803078410
803869469
803968401
804349632
804517704
804520393
804880892
805579226
806194631
806553879
806813082
809071529
809463209
810985357
812235374
812711529
813101156
813331184
813601085
814304192
814488449
814580923
814790481
814853706
815243831
815479507
815486060
818119450
819272949
819364242
821021644
821693020
822572204
822844482
823094538
824032247
824363963
825612691
827876406
828201467
828912464
828958349
829384131
830010074
830941547
831037474
831602881
832284255
832868826
833097884
833713469
833780176
833803365
834970624
835352073
836532746
838191780
838569599
839629775
840193564
840719715
840774946
840813339
840967632
841353250
842796284
843655093
843861183
843921530
844093588
844236579
844411684
845756632
846699096
846791687
847317901
847628625
847827453
847845695
848332569
849198495
849808901
850385889
850906417
851723785
851738860
851930713
852145954
852414377
853686257
854160508
854385392
854518067
855273345
855458444
856163501
856702467
859960234
861057966
861359542
861591056
862510708
863318761
863634445
863894283
864272680
864595266
868283755
868776794
869156240
869312447
869539463
869602649
870228363
871576121
871970853
872001402
872624967
873300338
874067899
874406006
875521673
875892162
876507900
879005622
879056562
879548838
879768482
879964654
880059796
881933279
882256962
882819158
883607692
883755543
884603605
886698428
886717996
887379121
887850814
888490226
889399380
890149034
890343992
891005823
891826001
892256671
892616811
892715881
893056631
893563465
895091334
895789478
897168267
897488285
898252694
898841283
898971642
899172145
900019617
900068689
900680140
901206812
901383769
901526914
902902753
903590797
903886110
904501634
904963815
905393201
905489016
906041880
906058948
906995519
907512362
908228630
909299426
909590197
909676318
909740322
910056463
910092374
910200688
911639848
911793794
913118055
913140881
913647907
914191175
914384098
915500722
916692726
917184350
917563272
917968100
920791522
921143862
921234467
921630896
922250647
922353717
923362849
924157970
924913073
925023502
925244653
925706330
926091300
927223872
927732283
930152295
930221588
930366618
931178721
931484813
931792264
933330206
934458871
934788850
935363694
935954129
936351552
936378545
936508956
936796924
937301805
937469295
937796107
937996159
938098373
941216153
941301558
941721988
942705700
944057106
944347372
944469174
944885603
944960213
945147882
946575628
946698423
946763972
947037358
948531924
948545629
949490434
949526647
951697852
951732786
952636893
954049772
954062222
954531259
954608661
957599329
957651582
957770345
958078595
959256946
959791243
960260276
961060578
962023838
962932756
963580335
963723042
964377194
964493834
964689067
966525156
966613510
967093476
968115845
968274107
968352357
968556521
968801005
969176282
969593152
969731377
969772260
970425177
970600661
970861952
971081288
971479139
971638490
971723398
972116435
973129088
973290169
973383188
974039652
975927288
976042668
976069779
976445133
976536648
978028697
978329043
978379119
980476051
980740091
982083767
982167778
982258976
983033699
983387218
983875838
983991138
984059593
984424039
984863244
985418863
985908807
986085563
986430338
986818007
986851457
987203661
987416187
987598565
987928684
988093287
988354551
989181532
989392895
989706403
990246863
990806372
991694450
992404645
992673349
992945312
993107229
993316828
993468119
994159266
996574259
999067691
999502355
1000250068
1000681528
1000922743
1002014323
1002287730
1002398192
1002853898
1004019160
1004656435
1005624508
1005857075
1006368422
1007635310
1008584695
1009369114
1009443894
1009612802
1009666752
1009672452
1010692823
1010726233
1010796606
1011351861
1011357085
1011366473
1011656244
1012237218
1013564089
1013992590
1014772909
1016388663
1017848421
1017984203
1018284330
1018962935
1019787806
1020407861
1021385744
1021634649
1021680674
1021999288
1022479095
1022568022
1023538453
1023960494
1024150347
1024652818
1024918615
1025157182
1025480937
1026138250
1026348406
1026501410
1027089693
1027344444
1028034044
1028070426
1029289557
1029723802
1031411113
1031424694
1031978875
1033031892
1033332623
1033552575
1034105509
1035303940
1035304402
1035408348
1036293073
1037372999
1037804757
1037967187
1038560580
1039608422
1039725251
1041791593
1043050405
1043605274
1043741371
1045112278
1045650815
1046183306
1046304497
1046423406
1047072887
1047139583
1047800924
1048357319
1048655109
1048833212
1050827382
1050907608
1050919279
1051389211
1051523558
1051781498
1051935685
1052095725
1052271172
1052296150
1052366652
1052490025
1052775496
1052985100
1054122238
1057308994
1057675091
1057824196
1058238136
1059186053
1059825627
1059954620
1060825098
1061901629
1062496798
1063271915
1063493623
1063879487
1063883119
1064642568
1065792301
1066530619
1066787643
1067619729
1069716748
1069776360
1070185552
1070571216
1071178989
1071389604
1072461694
1072570613
1072581269
1073403847
1073409592
1074014036
1075054202
1075563450
1075833196
1076421644
1076568823
1078022090
1078353403
1078497298
1079195740
1079358624
1079901243
1080441577
1080610241
1080652804
1081323085
1082714591
1084308469
1085335236
1085413313
1085494423
1085952040
1086384959
1086517997
1087211689
1088087100
1089670985
1090201024
1090578414
1091692872
1092141753
1093380107
1093705220
1093959313
1095067588
1095091849
1095511088
1096326304
1097926763
1098594230
1098787307
1099595268
1099678900
1100494512
1102309958
1102518666
1102777898
1103370520
1103563556
1103581327
1105390113
1105675952
1105864956
1106188495
1106895829
1107061013
1107637377
1107782137
1108575454
1109119440
1109446304
1109599644
1109750114
1110049443
1110551263
1110873739
1110981915
1111028953
1111458199
1111639928
1111808575
1113814278
1114994582
1115585118
1116583754
1119963305
1120624375
1120803450
1121104330
1121431470
1121510578
1121590923
1121713547
1124483550
1124994456
1125602538
1126600520
1126894804
1126919902
1127441065
1127904704
1128597929
1128623542
1129085513
1129412493
1129463939
1130630295
1131531298
1131643232
1131768557
1132490345
1132678500
1132694056
1133159876
1133908791
1134811952
1135538536
1135733668
1136114973
1136877161
1137959232
1138138383
1138764038
1139942616
1140703935
1140874181
1141430651
1141929076
1142113975
1142903480
1142993089
1144159888
1145233472
1145439816
1146319511
1146810129
1146843467
1147021847
1147168517
1148106838
1148798770
1149676885
1149732875
1149909934
1150533677
1150756309
1150898300
1151536870
1151713174
1151747490
1151753333
1152153768
1152339704
1153200726
1153560254
1153566519
1154239202
1155251722
1155519539
1155532526
1156511368
1156549504
1157014166
1157366347
1157556204
1157614156
1158321077
1158617996
1158766373
1159472525
1160098893
1160167929
1160255965
1160981269
1161423345
1161556614
1161703739
1161986715
1162071676
1162196023
1162379208
1164042703
1164660379
1165403118
1166958480
1169795533
1170100189
1171121416
1171731301
1172444071
1172477908
1172523938
1172717954
1174569807
1174626970
1175179306
1175325195
1177605870
1178363532
1178818432
1178906101
1179637392
1180187846
1181269352
1181606627
1181853577
1183257801
1184529423
1184894538
1185170199
1185516542
1185560542
1186010079
1186044908
1187470889
1187586769
1187836257
1188981081
1189245532
1189537645
1189884740
1189889794
1190703351
1191044573
1191104746
1191107589
1191282213
1191378062
1192804128
1194032968
1194490056
1194502646
1195043874
1195060773
1195108466
1195752176
1195873638
1196259793
1197336838
1197538073
1197634356
1198980301
1199727655
1200104976
1200145284
1200216444
1201018909
1201670241
1202556789
1202684475
1203530482
1204120553
1204273365
1204418674
1205118388
1205158348
1206289690
1206365709
1206428861
1207017775
1207646335
1208204039
1208267832
1208364536
1208752259
1210581910
1210739880
1211362782
1212187337
1212671606
1213419673
1213807412
1214537955
1214896567
1215344889
1216948024
1217072826
1217496338
1219105525
1219281136
1219344707
1219385080
1221289706
1221347577
1221821225
1222081646
1222441739
1222576284
1223375646
1223494404
1224561763
1224950886
1225401202
1225762602
1226724830
1226797710
1226806942
1227550588
1228414159
1230390574
1230571249
1230575002
1230839104
1230881014
1230916767
1233738026
1234503317
1234708548
1234872943
1235062877
1235081693
1235470300
1235473647
1235501135
1235799289
1236964753
1237748651
1238315098
1239322231
1239897476
1240192535
1240249822
1240455387
1240665855
1241954773
1242242260
1242790331
1243345153
1245273584
1245917780
1245979083
1246795173
1248325077
1248500132
1249793546
1250100763
1250474434
1251230647
1251785652
1252594824
1252908587
1252931949
1253092785
1255768169
1255922306
1256065586
1256358893
1256880596
1257273923
1257655499
1258351660
1258919080
1259133628
1259142660
1260706879
1261109284
1261313374
1261318267
1261784541
1262026957
1262217176
1262282056
1262450956
1264732348
1267234819
1267504362
1268189697
1268306534
1270512477
1270785450
1271174557
1271651187
1271850650
1271983148
1273364298
1274530167
1276166667
1276266791
1276294122
1276400211
1277074449
1277599243
1277705605
1278767778
1279212781
1280418588
1280457511
1281017398
1282173765
1282725194
1283045640
1283404250
1284355743
1284394621
1285301996
1285322367
1285846934
1286236661
1286322618
1287789634
1289366353
1289561405
1289697086
1289757288
1289920967
1290253176
1292480729
1292507539
1296682105
1297510584
1298776777
1299353653
1300288929
1300603150
1300670686
1301231682
1301851089
1302639423
1303025946
1303189940
1303260275
1304324282
1304406926
1304530795
1306417501
1307322523
1308018413
1308353221
1308832345
1308833265
1309210510
1309425615
1309806483
1309841008
1310177222
1310263426
1312732836
1312957958
1313047467
1313158585
1313193147
1314440634
1315231522
1315397408
1316156102
1316688852
1316989489
1317074264
1317089886
1317247081
1317424029
1317859481
1318241476
1318614032
1319213867
1319800482
1320490179
1320693979
1320968398
1322057479
1322686685
1323551034
1326384833
1327273710
1327570750
1329204822
1331356266
1332068621
1332423898
1333944927
1334059724
1334518023
1335784805
1336884709
1337092353
1337167668
1337336615
1337516616
1338281009
1338335413
1340606431
1341062563
1341721430
1341762423
1342051576
1342064457
1342893149
1343442396
1343872137
1344348817
1345563036
1345780839
1345944003
1346076623
1346217708
1346271691
1346594164
1346835769
1347592790
1347696459
1348284084
1348295737
1348418902
1349343280
1349844431
1350007391
1350271585
1350759162
1350973991
1351353609
1351913049
1352166148
1352335401
1352777741
1352912259
1353222072
1354201082
1354870214
1355445925
1356382347
1357073109
1357412934
1357638569
1357710572
1357826413
1357862479
1357993747
1358388121
1358907534
1361277112
1361656044
1361760717
1361797089
1361955935
1363040068
1363448576
1363904147
1364296957
1365006644
1366870554
1366959064
1368863058
1369635019
1369906849
1370122294
1370157394
1370804706
1371008308
1371315378
1371437041
1372169517
1372476581
1372641463
1374460835
1374588357
1374606864
1375463220
1375521656
1376088591
1376353696
1376751894
1378546912
1380120770
1380122444
1380197473
1380477435
1380535531
1380832649
1382370377
1382847587
1383161135
1383952862
1384390832
1384897838
1385095414
1385462363
1385833853
1386049298
1386867290
1387082155
1388453622
1388472219
1389095516
1389261422
1389403333
1390390383
1392507285
1393246590
1393512049
1393757157
1395425508
1396919077
1397164025
1398076176
1398139253
1398707316
1399857549
1400259309
1400553334
1400750166
1400944481
1401232079
1402105557
1403085718
1403211891
1403870724
1403985738
1404286749
1404965273
1405039252
1405103753
1407102100
1407259342
1407292988
1407804709
1407881017
1408223182
1408347807
1408561214
1409006962
1409085177
1409574311
1409869701
1410562083
1411208096
1412349261
1412790760
1413335596
1413915469
1414990523
1415328587
1418429455
1418580176
1419046112
1419215693
1419343302
1420291586
1420687047
1420760351
1421202201
1422460886
1422626705
1423082007
1423324110
1423642553
1423939744
1424022719
1424210335
1424250539
1424314066
1424628568
1424903855
1425173906
1425498670
1425527895
1426294370
1426944060
1427150382
1427264399
1427292949
1427356587
1427632492
1428470927
1429282542
1429870676
1429931647
1430199294
1430635238
1430714593
1431180527
1431415914
1432666210
1433080908
1434537881
1435324654
1435627300
1435702344
1435921401
1436255261
1436721920
1436748747
1436780089
1438581445
1440278215
1440568875
1442334106
1442721333
1442873503
1443079470
1443306754
1443324080
1444475219
1445103003
1445676078
1445678142
1446203939
1446790280
1448196530
1448521624
1448570004
1448597397
1448779485
1449051272
1449929678
1449950982
1450619619
1451690603
1455955184
1456322922
1457535174
1458126520
1458589872
1459144270
1459730750
1460467015
1460483550
1460701640
1460812652
1461880037
1462004603
1462487328
1463307686
1463361466
1463624309
1463683632
1463870179
1464145998
1464357683
1464571309
1464614277
1464769442
1465398733
1465411062
1466189989
1466732722
1467248217
1467414203
1467773648
1468675646
1468770818
1469545891
1469597868
1469648924
1470040340
1471117045
1471299317
1472493831
1472886261
1473589456
1475103327
1475673261
1475885329
1476106417
1476251374
1476512479
1476540662
1476661817
1476922330
1478646360
1478813413
1478826169
1479525068
1479721722
1480075378
1480743774
1480947708
1480951389
1481006933
1481703705
1481847710
1482362188
1483086002
1484468121
1484567908
1485052101
1485107934
1485760872
1485843020
1487010751
1487133529
1487601067
1489084391
1489241926
1489945722
1490920844
1491445144
1492736336
1492919627
1494160147
1494608806
1495715466
1496155899
1496656973
1496775903
1497830878
1499365824
1500271324
1500416265
1500703195
1501199039
1501558607
1502275696
1502525275
1503612457
1504219177
1506554433
1507485795
1508127202
1508145860
1509184684
1509245240
1509792639
1510121695
1510600015
1511319211
1511669030
1511671004
1515800326
1516008265
1516024177
1516459777
1517076236
1517094242
1517509139
1517649419
1518392715
1518577412
1519034096
1519822235
1520673799
1522033007
1522275460
1522493379
1523177648
1523585485
1523796392
1524022834
1524675608
1524811660
1525126596
1525252636
1525666541
1525816628
1526558892
1527351877
1527412732
1529016989
1529194830
1529844888
1530643773
1530876587
1531837876
1532984833
1535773246
1535857321
1535961914
1536492847
1536536831
1537225105
1537357174
1538110730
1538255446
1538959865
1539415810
1539991695
1541502508
1541781972
1541827096
1542743476
1542955839
1543069088
1543346022
1544333366
1544392246
1544776591
1544803249
1545118599
1545519388
1546725943
1547214053
1547791055
1548659733
1548835814
1551212414
1552575167
1552940973
1553490475
1553960964
1554847319
1555068419
1555510207
1555556258
1556038437
1556951293
1557573100
1558007074
1558565702
1558734807
1558909886
1559488044
1560158758
1560831494
1563272270
1563330479
1563712732
1564228766
1564303179
1564350254
1564982104
1565291163
1565390118
1565611122
1566098344
1566141600
1566632803
1567053382
1567116757
1567172005
1567235147
1567581265
1568040984
1568162631
1568509654
1569474219
1569518504
1570370469
1570624779
1571876473
1572138574
1572199836
1572568123
1573086626
1573289725
1573553714
1577352019
1577911272
1577961088
1578314264
1578477152
1578779611
1579189029
1579721503
1580737477
1581041545
1581287989
1581672360
1581763404
1583607019
1583671455
1584861408
1585477455
1585883506
1586179257
1586199884
1586874688
1588704333
1588910530
1589102441
1589958380
1591092938
1591753930
1592378964
1593248041
1593716600
1595012177
1595133666
1595142805
1598538802
1598554776
1598571628
1598704445
1599462104
1600633260
1601709265
1601769228
1602466551
1602589482
1606896475
1607420622
1607578939
1607667778
1607710581
1608246044
1608324166
1608551004
1609006779
1609835029
1611344239
1611831450
1613140697
1613211687
1613252146
1613609952
1613826773
1614209687
1614421173
1615348690
1615462156
1615746709
1616193672
1616877959
1617431471
1617462628
1619795717
1619984229
1620584934
1621016655
1621470999
1622061521
1623096993
1623260118
1623512183
1624044132
1624199184
1624245502
1624302793
1625060796
1625900135
1626036257
1626303572
1626480245
1628506224
1628703941
1629274989
1629699920
1629964708
1630215906
1631936948
1632653048
1633334051
1633442775
1634051856
1634499375
1635639518
1635940111
1636008244
1636126607
1636161649
1636359281
1636498103
1636858586
1637084078
1637771108
1638800741
1639078173
1639254251
1639342063
1639988111
1640462543
1640511965
1641104391
1641549669
1643303355
1643333747
1644720420
1645082097
1647275661
1648109542
1648164251
1648327650
1648884594
1649805312
1650862926
1650938107
1652278463
1652691781
1652885820
1653341730
1653409038
1654252132
1654643452
1654777553
1655156572
1656171996
1656197861
1656529401
1656595630
1656823959
1656951907
1657379354
1657694768
1658043555
1658280575
1658569906
1658893262
1658935414
1659011540
1659188668
1659866390
1661238435
1663023343
1663938505
1664893565
1665334175
1665871608
1666098705
1666440249
1666917162
1666978270
1667085341
1667271219
1668255334
1668809517
1669083020
1670274933
1671223260
1671545103
1672404378
1672434935
1672704103
1672860100
1673336736
1673841104
1674132381
1675793929
1675996527
1676713321
1677542581
1679185141
1679935328
1680424960
1681186418
1681979337
1682046309
1682805369
1683234018
1684865578
1684988024
1685155546
1685528286
1685959683
1685982518
1687196071
1689540330
1690603193
1690940363
1691103592
1691303645
1692533347
1692676515
1693247398
1693899852
1693953843
1694137347
1694330280
1694648150
1694843066
1695196703
1697342645
1698286823
1698645095
1698969929
1699696739
1699819624
1700146753
1700371428
1702047080
1702900412
1703666475
1703761779
1705292476
1705771287
1705833389
1707312320
1707433366
1708406503
1708604670
1708669890
1708867218
1708945881
1710742757
1711620572
1711942508
1712805072
1713713604
1714591044
1714639795
1715069079
1715255527
1715535528
1715622309
1717263196
1717447142
1717582861
1718246958
1718541661
1718550499
1719240213
1719804552
1720018098
1720172824
1720284783
1721320888
1722268659
1722964069
1723148347
1723411444
1723755850
1724069741
1724136476
1726164325
1726909656
1728857036
1729164985
1729405325
1729447908
1729823231
1730449892
1730895675
1732566855
1733190548
1733391957
1733411272
1734752958
1734965515
1735426012
1735591222
1735741744
1735802868
1736315017
1736963557
1738968928
1738970449
1739396222
1739733647
1739916442
1740394769
1740825502
1740992629
1742118672
1742175375
1742215587
1742274073
1742530363
1743085284
1743119386
1743689473
1744605553
1745500472
1745643750
1746950248
1747057239
1747113102
1747408582
1747523075
1747548987
1749254364
1749842779
1750226930
1750445097
1750449444
1750573012
1750861951
1751290974
1751548440
1751572948
1751759957
1753622213
1754022824
1754335339
1754370371
1754374433
1755229371
1755368452
1755468033
1755748016
1756042395
1757789350
1758043647
1758058583
1759240556
1759806147
1760208895
1760214592
1760764438
1760837215
1761022286
1761466723
1762127246
1762964491
1763795521
1764637320
1764666636
1766082815
1766255777
1767803569
1767847610
1768043018
1768557759
1769328885
1770564954
1771627132
1772670669
1773607243
1774642551
1774847372
1776194993
1776914904
1777379095
1777645570
1778784333
1779098495
1779288423
1779469677
1780456558
1781434267
1781644694
1781774502
1782264362
1783336482
1783909309
1784679289
1784799636
1784948771
1785080468
1785524685
1785537263
1785696080
1786965199
1788308630
1788338883
1789095119
1789901762
1791693630
1793106868
1794964625
1795345539
1795480008
1795787397
1795843103
1795994672
1796113989
1796394315
1797233511
1797425704
1797787389
1799123862
1799182025
1799744386
1799828202
1800020879
1801552880
1801680156
1802023972
1803508160
1803519336
1804313317
1804493899
1804836429
1806200026
1806393104
1808717207
1809509922
1810132596
1810228517
1810350007
1811337626
1811389735
1811640998
1811712461
1813261475
1813656955
1815100178
1815903812
1816317907
1816707177
1817267960
1817757139
1817902254
1819265974
1819432565
1819548224
1819896897
1819968082
1820137172
1820154593
1820534030
1821681110
1821743155
1821798359
1821807422
1822451442
1823737728
1824164493
1825460192
1828200036
1828216846
1828454407
1828501199
1828751057
1828851976
1830057403
1830378150
1830469811
1830968780
1831117543
1831187590
1831584996
1831843145
1832034420
1832397530
1832557734
1833325383
1833504244
1834287804
1834407700
1835178573
1835580252
1835763870
1836534532
1836604190
1836754329
1837235987
1837332476
1837664243
1838285507
1838533372
1839004317
1839073081
1839425786
1840067261
1840631947
1841236423
1841339033
1842011057
1842050006
1843714074
1844085231
1844269206
1844755488
1844810608
1845241556
1846462126
1846527936
1846760949
1848476401
1848766418
1849728493
1849796871
1851019200
1851032635
1852268995
1852313577
1852673135
1852948074
1853025183
1854314112
1854433183
1856728635
1858272995
1858336029
1858341963
1858488673
1858633703
1859352461
1859486112
1860133720
1860308480
1860662951
1861679310
1861811757
1862963586
1863584039
1863815415
1864607431
1866547084
1867377690
1868123705
1868768768
1869081622
1869398730
1869591721
1870400957
1870963688
1871406154
1872904104
1872965939
1873817612
1874608084
1875038854
1875196231
1875873671
1876410944
1876697724
1877284100
1877635647
1878370142
1878580319
1878768788
1879710697
1881242492
1881665766
1881770371
1882212694
1882946322
1883065560
1883678916
1884695038
1885710896
1885817120
1885885181
1886577192
1887406112
1888621565
1889015454
1890549450
1891679009
1892582387
1892747567
1893565073
1893689219
1893698640
1894463225
1894581623
1895716239
1896172264
1896728874
1896926982
1897284723
1897563953
1897686758
1898461868
1898837783
1899050021
1899262146
1899814398
1900042509
1900101587
1900802029
1901076754
1901162206
1901767805
1901972644
1902084651
1902383904
1902405299
1903126806
1903413417
1904622079
1905219641
1905979799
1906483333
1906501731
1906584289
1907465660
1908581508
1909658406
1911344051
1911425370
1912531430
1913217310
1913442904
1914302202
1914770086
1915322826
1915380911
1915616956
1916073610
1916233151
1916305811
1917080982
1917549299
1917938255
1918183794
1918511071
1918633357
1918719502
1918768525
1919050140
1919484028
1920394058
1920559856
1920803361
1920865039
1920945343
1921504446
1923002602
1924592776
1925079640
1925093015
1925431959
1925733681
1926486002
1926841777
1927523025
1927524894
1928081263
1928685613
1928887053
1929311387
1929322306
1929744669
1930401975
1930808811
1931119343
1931387212
1931534117
1932681468
1933007001
1933663354
1934425648
1934831276
1934861054
1935015491
1935326991
1935775585
1935906634
1936261744
1937369120
1937847600
1938978207
1939921088
1941386899
1942195909
1942473404
1942485628
1942600652
1943428888
1944116270
1944240166
1945015599
1945447999
1946420317
1946493953
1946655655
1946982692
1947041827
1947471477
1947990318
1948196141
1948966908
1949625760
1950269440
1950275127
1951600213
1952604000
1953303790
1953486800
1953507779
1953627919
1953781399
1954133397
1954274630
1956232855
1956336763
1956564815
1957200964
1957510848
1958049697
1958935885
1958950991
1959226556
1959388298
1962754117
1963287097
1963437406
1964370884
1964786069
1965280775
1965640656
1965911980
1966822330
1967168282
1968346692
1968531405
1968563128
1968608322
1968727547
1968913406
1969208398
1969697364
1969840500
1971642684
1971874840
1974333549
1975107279
1975600535
1976175333
1976248339
1976596805
1976639702
1976952570
1978069547
1978254091
1978457614
1979632390
1980743340
1981440594
1981602347
1981853222
1982268534
1982589019
1983160534
1983875462
1984156299
1984606749
1984850839
1985141833
1985173980
1985484982
1986549604
1986678416
1986830096
1987437958
1987859098
1988530880
1989859695
1989887221
1990053980
1990745467
1991449643
1993180415
1993888651
1994525927
1995040613
1995064179
1995145967
1995277088
1997545980
1998023174
1998385188
1998492728
1998701643
1999015142
1999048979
1999817670
1999970303
1999995834
2000354122
2000370504
2001106082
2001260181
2001790085
2002988038
2003024100
2004351156
2004622263
2004712140
2005872339
2006133578
2006411512
2007436728
2007713842
2008232411
2008571130
2008675595
2008826078
2009137633
2009860044
2010474696
2010670550
2010698332
2014635127
2014965891
2015434365
2015818931
2016188230
2016347772
2016679590
2017050847
2017468501
2017850364
2017876692
2017914425
2018506287
2019077546
2019940476
2020501552
2020817418
2020976236
2021691597
2022096176
2022846621
2023456141
2023664945
2024096805
2024618161
2024806430
2025355748
2025480753
2026984191
2027416936
2028746526
2028772522
2029111977
2029489107
2029566979
2029689681
2029833544
2030197337
2030561196
2030787742
2031784381
2032080139
2032443298
2032794487
2033139390
2033340549
2033555286
2034597948
2034745777
2035021772
2035330200
2035848123
2036287247
2036599317
2036674931
2036788250
2036922306
2036969444
2038578891
2039265362
2039645150
2040967933
2041461643
2041892555
2042358494
2042719843
2043166655
2043656999
2044020184
2044191752
2045786912
2046091724
2046141735
2048822470
2048850741
2049166851
2049844198
2051243861
2051279264
2052277852
2052776220
2052823434
2053036679
2053226058
2053288143
2053548564
2055758181
2057962658
2058279126
2058318129
2059213940
2060076503
2060884639
2061321849
2062162613
2063183433
2063294409
2063324792
2063800104
2064666174
2065528924
2065602697
2066319448
2067118985
2067517336
2067994357
2069490426
2069732366
2070887654
2071425444
2071562128
2071897691
2072163499
2072440274
2074982635
2076039406
2076085231
2076700457
2077223901
2077879930
2078015944
2079302122
2080137733
2081087748
2081971391
2082016338
2082498385
2082567207
2083231044
2083393675
2083658446
2083741937
2083797007
2084744770
2085030263
2085817380
2086613279
2087023076
2088025564
2088044697
2089940172
2089958483
2090279887
2090883234
2091036789
2091290686
2093055015
2093085303
2093765878
2094083079
2094651638
2095965026
2097552489
2097743421
2099342793
2099568601
2100338340
2100522301
2101044573
2101417351
2101481675
2101529966
2102096007
2102545884
2103558823
2103582411
2103822060
2104453047
2105019501
2105139900
2106581305
2107176796
2109045685
2109064817
2109690785
2109936447
2109942920
2110355515
2111027472
2112842914
2113025746
2113784800
2114221587
2115176546
2115724881
2115979495
2116156428
2117597163
2118199017
2118214544
2118885794
2119639524
2120204464
2120348479
2120758173
2121928179
2122665278
2122801883
2123158649
2123562863
2125210298
2125298260
2125803282
2126087619
2127195250
2128211183
2128681643
2129033626
2130082029
2130319736
2130623446
2131013794
2131412325
2131526430
2131566888
2132700321
2133163926
2134311583
2134345128
2134572885
2134854384
2134862675
2135329791
2135812785
2137160255
2138175058
2138722270
2139104574
2139940211
2140304433
2140444756
2141381721
2143339550
2143642180
2144217280
2144845282
2145673010
2146263991
