927002
1536446
1961356
1989690
2653933
2800250
2860070
3033854
3573490
3876576
4255594
5572085
5911398
6227542
6350701
6774687
7316545
7711176
7841843
8569304
8664957
8760822
9299253
10255191
10260705
10392256
10419478
10542780
10663637
11013843
11312323
11359085
11749414
12443648
12913025
13235061
14787862
14796928
14989725
15888599
16824332
16910297
18172293
18435957
18631454
19579737
20089401
20605064
20700771
21922229
23020741
23896717
24020512
24238995
24271493
24450893
24695455
25038439
25054704
25677019
25835726
26638692
26867453
28092661
28092800
28282774
28720355
29241080
29690696
29752510
30509953
30744154
31124947
31728692
32224046
32985604
33775808
33971325
34391830
34788049
34824463
34886439
34948452
37122938
38212025
38225099
38652815
39031353
39295893
40992258
42339505
43062937
43099957
44184477
44284948
45562532
46297061
46920936
48275430
48598199
49290225
49526634
50630765
51259900
52429124
52444850
52647321
53326445
54069565
54526868
54982589
55015944
56196878
56718290
56736550
57642024
58751402
59199907
59412412
60589070
60805227
60916380
61601830
61636769
62033852
62916753
63609082
64165761
65265074
66781146
67538896
68170882
69208501
69425015
69580162
70715424
70939190
71127311
71929587
72219917
73847532
74301350
74459627
74574326
74836891
75118020
75719799
75763820
75848684
76209719
76849687
77824212
78913800
80010987
80389145
80505194
80613808
80630899
81498804
81757108
82168290
83335730
83464066
84384484
84479377
86943878
87608673
87744693
88304946
88659152
88747642
90594501
91396626
91701851
92489274
92650186
93483178
93504669
94116070
95941664
96326683
96386834
96448677
97951426
98213993
98792374
99641669
99741412
99784368
100764601
100921105
101379602
101910886
102246473
102559359
102744904
103093465
103841671
104476205
104707004
105003124
105534500
105584048
105620820
106257136
106898579
107035893
107217226
108296371
108677394
109364636
109487895
110761254
111911028
112065810
112172715
113420301
114370633
114584487
115427905
115886391
115988682
116968416
116985907
117696422
118710854
119733528
120014558
120469417
121092896
121130450
121362950
122184957
123350373
123911853
124871641
125058053
125645868
126980134
127898040
128088873
128648671
128970274
130166140
130338481
130773619
131457301
131634019
131680729
132481228
132511222
132513203
132926027
133452858
133911971
135432871
136069845
136110589
137047977
137083447
137519510
138008989
138740592
139100361
139204683
139265190
139925140
140068823
140641181
141088612
141345469
141596436
141690962
142095190
143709780
143857799
144504090
144540037
144913205
146526065
147405829
147466274
147850067
147901706
148024324
148445152
148465767
148538553
148553094
149203713
149705271
149778974
149834901
150085174
150440098
150630002
151118458
152515254
152835497
153157262
153704328
154908791
154938081
155438004
156483238
156564602
156663184
157772609
158162937
158699611
158927285
159555960
159578195
159588196
159591267
161796372
162285109
162347389
164073817
164718907
165512857
166250404
166316130
167250465
167258073
168361073
169576346
170106712
172517953
173077305
173766235
173845059
173978538
174308143
174378380
175066342
175802975
175991388
176853700
176971299
178072488
178311839
179079051
179143676
180056245
182393541
183230589
185113985
185402431
185788327
187066043
187705420
188546942
188856013
189016126
189226238
189331637
189530811
191211484
191341527
191394558
191472711
192152439
193280426
193556312
194114545
194170003
194335302
195009282
195201544
195240249
195606744
196076035
196273600
196447006
197064025
197211182
197479402
197498535
198009521
198138780
199990790
200669803
200826165
201230823
201352028
202119409
202486396
203581606
203634438
205093042
205258431
205692833
205968337
206205628
206289815
206427537
206633228
206897193
208207085
209354091
209857827
210417723
210478471
210494914
211295104
211731458
211800891
212421184
212795194
213890294
214949971
215049077
215159509
215188941
216435042
216723905
217115419
217525333
217795980
218577520
218591020
219786294
220710132
220762493
222322750
223388009
223655849
223750163
223949392
224074477
224371411
224574693
224908244
225249084
226730038
227194778
227291849
228858480
229142934
230214285
230517338
230868900
231119241
231407436
232286585
232558558
233731011
234200796
234217378
234698640
235822689
236346376
236489533
237064063
237881985
238427684
238885367
239800522
240198088
240243646
240822136
242243132
242353467
243472302
243510583
243628326
243733158
245252578
245341882
245619822
245984224
246335193
246477018
246631361
246679114
247099397
247634711
248325409
248426642
248948858
249037714
249430505
250694683
251931088
252533883
253131762
253718002
254201011
257423514
258624041
258711653
259245035
259818756
260790476
260913374
261341394
261975121
263642466
264456723
264960699
265252491
266241886
266386639
266433962
267113812
267235282
267581797
268265081
269424205
269523560
269570721
269809910
269919580
271053386
271269676
271669800
272384452
272403090
272504489
272680785
272837278
273172892
273715424
273734314
273895893
274781626
275033884
275299909
276430577
276475306
276565387
276876017
278694571
279741586
280729231
280879877
281433654
282520402
282888053
283109732
284161123
284319540
284416968
285169980
285254978
285527258
285750921
285908309
286567753
286766283
287210890
287588507
287760841
288473548
289252128
289776432
290618801
290768891
290810938
291445789
292937978
293081100
293257670
293846310
293851548
293961011
294347224
294350532
294895298
295645404
296197859
296406526
296958944
297358066
297732023
298175331
298452689
298714133
299187950
299635452
300171947
300221317
301385470
301508925
302276699
302416547
302911137
303571069
304384492
304508732
304650698
304913159
305327095
305757809
306437295
307219461
307593792
308731702
309226059
309662968
309776610
310175466
310437187
310621633
311049022
311339262
311467314
311536179
311586159
311747614
311923655
312011611
313091496
313829119
314437261
317157878
317344865
317630514
317793872
318241331
319016109
319623120
320016644
320035017
320677687
320916247
321270383
321352582
321815454
323230751
323602688
323987034
324246976
324670803
325754050
325893862
326943632
327123269
328083092
328234403
328535615
328588405
329684325
329815688
330425317
331271389
331601858
332570502
333049740
334069554
334577734
335082181
335155199
335271884
336012172
336012311
336551106
336970136
337003039
337089057
337352970
338129864
338650303
338842021
339128384
339163737
340114280
340214384
340404485
340416816
341035878
341236611
341309723
341336259
341902056
341990641
342016540
343276886
344086307
344159839
344358449
344461811
344618508
345498314
346195581
347389776
347412282
347686961
347725730
347937233
348015673
348235025
348878889
348971849
349768964
349857144
350393991
350819143
351295988
351383582
351420461
353069496
354108633
354158128
355578235
356065557
359016920
359263940
359668036
360891175
361478433
361987070
362452364
362793023
363308056
363541611
364371000
366296717
366502307
367046661
367514861
368414602
368799085
369746191
370953180
371014887
371052515
371161485
371526463
371759153
372166636
372768809
372815937
372897867
373435463
374460471
374995326
375188672
375301082
375459912
376481804
376988134
377064650
377441507
377455080
379393809
379488190
379603233
379843748
380259644
380967773
382105008
382253899
382767310
384117561
385158382
386264340
386438486
389364031
389811108
389907774
390960416
391132298
391148526
391229276
391626695
391728202
391907652
392370675
395407954
395611939
395909656
396078813
396089711
396561210
397099683
397251925
397335336
397611402
397731196
397909738
398580971
398582183
398908364
399079931
399432984
399694832
400879383
401429341
401831180
402239359
403305105
403961790
404116939
404335071
405047741
405505137
405532739
406042230
406641568
407204196
407337719
407624080
408186347
408381105
408416732
409295501
409476451
409717731
410469592
411061279
412005241
412128473
412881707
414560738
414800270
415599121
415783163
415857838
416149210
416465228
416997850
417057892
417243401
418078940
418585624
418823465
419308848
420220700
420691424
421053553
422796712
423550773
423985694
424872214
425620965
425982325
426264380
426361118
426982531
427028236
427538122
428704442
428753235
429075882
429779815
431350928
431373356
431680038
431810133
431950118
432436774
434378276
435555868
436232448
436309743
436336787
436463990
436692368
438498534
439186546
439437137
439586908
439899353
440035487
440593330
441365521
443459650
444806231
445152591
447250931
447464407
447661189
447706310
448328386
448641621
449678289
450099792
450300886
450464577
450480201
451329111
452183320
452368618
452493457
452837363
452926362
453659319
454528573
454793689
455726584
455916524
456065357
456779922
457340072
457402444
457593378
457937355
458816510
459177704
459640901
459795455
459837767
460288195
460642572
460976311
461073342
461410806
462176144
462307906
462512637
463767189
465817881
466173885
467764851
468282800
470330986
471502400
471625042
471852039
471989946
472195532
472217230
472653781
473618406
473833845
474082088
474485112
474645867
475459321
476545742
477103014
477258969
477668811
478450314
479363329
479437244
482547909
484005710
484328553
485791708
486082579
487070092
487146605
488267426
488718913
490677879
490804820
491093523
491376570
491851441
492024747
492805918
493082951
493255228
493497879
495101997
495147970
495436713
495452827
495493587
496185560
496512050
496514568
496561398
496786452
498511887
498541446
498734790
499010570
500178430
500647764
501919454
501969741
502013464
502811888
503371091
504421641
505784235
506376819
507114018
507718588
508442242
508849882
509557867
510053629
510815201
511503561
511583610
513058145
513758221
513807046
514256842
514324151
514612579
515166743
515627994
515880594
516107576
517830129
518398605
519491733
521265057
521584486
521673594
522521208
523878760
524135730
524199820
524681409
525034898
526833972
527374021
528752987
530416518
531604991
532010628
532651251
532920315
532920995
533743500
533959022
533968437
533976723
534005568
534434416
534627298
534779173
534973879
535793198
535797669
537130786
537159040
538883426
540876487
541724556
542349334
542863211
542910128
543308306
544909252
544994182
545004905
545618577
547258537
547398697
548079106
548198374
548746885
548881580
549430294
549482759
549542807
549696279
549756357
549935242
550686499
550693127
550712428
550917797
551092602
551390691
552451272
553059496
553388846
554715284
556709930
557482346
557871677
558783402
559275249
560193644
561144428
561403301
562328678
562387806
563542330
564364600
564394029
565835617
566374952
567220448
567840335
569090029
569555980
569610070
569929036
571962250
572112573
572152864
572244120
572520953
572878491
573097445
573549096
573936741
575137006
575279300
575662184
576309875
576792747
576927089
576962131
577667648
577984290
578005480
578040114
578410145
578437004
578532174
579541926
579961715
581584445
582638307
582783517
583890393
583969361
584952282
585208491
585312312
585531773
586971888
587090196
588502371
588627928
588683900
589131055
589419305
589668666
589931368
590225851
590281589
590610283
591771096
592579083
593229034
594070329
594231358
594332203
594517533
594681765
595797642
596131312
597248233
597627860
597882070
598729943
599101852
599724829
599834697
600403414
601529145
601743614
601785215
602010651
602305070
602511454
602530694
602587341
602605974
602865437
602923070
604001406
604474012
605388790
606013305
606703566
607572129
608448726
610287986
610552481
610880641
611233852
611486390
611607872
612579709
613368354
613377863
613714291
614161366
614614870
614706998
615025158
615059069
615487856
615598481
615676004
617313498
617348402
617882880
618461047
618969396
619113649
619386337
619424809
619686686
620292569
620727264
620981071
622134209
622465833
624329179
625987719
627146857
627240769
628331578
628974859
629018949
630862191
630931427
631448998
631665542
633495499
634126897
634138167
634195654
634607353
635264518
636278872
636895761
637080012
637592400
639078970
639390854
639643360
640003639
640665206
640993340
642171526
642335787
642460288
642772858
642883415
643031701
643227117
644010116
645009803
646229988
647141256
647854717
647979622
648054949
648189420
648223678
648238744
649041814
649991904
651912927
652291628
652724274
653261975
653400104
653911938
654675876
655149831
655845268
656082830
656505002
659301024
659631385
660205149
661639464
663467539
663871758
664170968
665411506
666654837
667055220
667315053
667912663
668453867
668519456
668667762
669309562
669445868
669862143
670060996
670387993
673255951
675179993
675522777
676363503
676875800
677462497
678447154
678975578
679110149
679784380
679871961
681006970
681386083
681628553
681651626
682807278
684582877
684740403
685270162
685453276
686104667
686821807
687297260
688148249
688811352
689692700
690293460
690535598
690695131
691305112
691419880
692212604
693326304
693509322
693926413
693927733
694072086
695212303
695276251
695686846
695739425
696004351
696163390
696364924
696904000
698163520
698786277
699734832
700188710
700353474
700697956
700710276
701747962
701778187
702403544
704437016
704703127
705432729
706663004
707107657
707306165
708055285
708631218
709022544
709886305
710390329
710764944
710810724
711275680
713061259
713362006
713801731
715400307
715844547
716250279
716415543
717025043
717651531
718438880
718894107
719713129
720110368
720461004
720554011
721015925
721146470
721189365
722857272
722867790
723134501
723408277
723694262
723991131
724090203
724209223
725088431
727109405
727196631
727305657
728011535
728968386
729074069
729757172
730359585
730405795
730455152
730558087
731122884
731529390
732629209
733131658
733752352
733837765
734271190
736042909
736463040
736785954
737949359
738147379
739633800
739712404
740406817
740519488
741055110
741798233
742255062
742283763
742774083
742831893
742851648
742851873
743570294
743642620
743845310
743961315
745056150
745100462
747599499
747718147
747872648
748373866
748690575
748972303
750799853
750806187
751117419
751783665
752622911
752697226
753540163
753779656
754636066
754677792
754718189
754843938
755234787
755474547
755489543
757315796
757370563
757494974
760200947
760434829
760483553
760728123
760771313
760781608
761306526
761404188
761972862
764110620
764307147
764659154
764829268
765055188
766924544
767034149
768040738
769011079
769813660
769858590
769865532
770464690
770532702
771091282
771790870
772154294
772197001
772744153
775986168
776014770
777026125
777550809
777969834
778303109
779092751
780097250
780723341
781149914
782658543
784306930
784431877
785134238
786264880
787619163
787708057
788906398
789196904
789906713
789989113
790417845
791243768
792544070
792851896
793097310
794015223
794895783
795173112
795421977
795473378
796081375
796332465
796943639
797058978
798364855
798426046
799518895
799602633
800269792
800969053
801000912
801080021
801219918
801678693
801756153
802420727
802504845
803380212
804337956
804512939
804672275
804821739
804950060
805956446
806446497
806896945
807044075
807147045
807892881
808311795
808380025
808420590
809066920
809366335
809503834
809859117
810693247
811137140
811457219
811517929
812402172
812641916
813128936
814830424
815487844
815998334
816439118
816528208
817066852
817547858
817761998
818137078
818211850
818751602
819011133
819095867
819189361
819255891
820188542
821718173
822065330
822445339
823290526
824061089
824263577
825391984
825486916
825742378
825811527
825830338
826055950
826191620
827657126
827795466
828354835
828422439
828722378
828832630
828973317
829662951
830109601
830115984
830362283
830454516
831167364
831998484
832585852
832949902
834000304
834132330
834854250
835202061
835633836
835901617
835981361
835983807
836437420
836531458
837845847
837989649
838073875
838550835
839587050
840023575
840134941
840268019
840522352
840670582
840680768
840936160
840984509
841438338
841644247
842251814
842320454
842806894
842848104
843063526
843408513
843456373
844485632
845561601
846548420
846680478
847959041
848141686
848644110
848719846
849168892
849989140
850559374
850667374
851449997
853685400
854244331
854693539
855029622
855582546
856521364
856963627
857117206
857511288
858628061
858807276
859013571
859151706
859690793
859702346
859770584
859950752
860347812
860793072
861279006
861540476
862039701
862115388
862417352
862735634
863165456
863461618
865519468
865768540
867695368
868039356
868167599
869194737
870340332
870849002
870937836
871762337
872392646
872589318
872757762
872970081
873081832
873218624
873965225
873968657
874089745
874340166
874980684
875481270
876114508
879141712
879234036
879909867
880776261
880815708
880989658
881474247
881785020
884802982
884815283
885284461
885650009
885767987
885899663
885981400
886390941
887698359
888426559
888794304
890734997
890893026
891848929
892449965
892967900
893647287
893661826
894373611
896364366
896433651
897077565
897269188
898000170
898317313
898933470
899018183
899098866
899772544
900793208
900867222
900882849
902116012
902205496
903367150
903639073
903707617
903721741
904747273
907434832
909512486
910292555
910625879
910813965
911164943
911817126
912082193
912177230
912451056
912555378
913898576
914229529
914889314
915930759
916584634
917331692
917359987
917791951
918209162
918335944
918984065
919495455
919794064
920503347
920550703
921921688
921942940
923302511
924800614
925131771
925736846
927419004
927435552
929103794
929563404
929868229
930234516
930350587
931058330
931299050
931739957
932078490
932544511
932561316
932864446
933198495
934632898
935267289
935723560
936254919
936286386
936569320
936624583
937884527
938944458
938957070
939074078
939651524
939826914
940315753
940482130
940764186
940888896
941049503
941201083
942745079
943037678
943254196
943509937
943888042
944705779
945276400
945310241
946441688
947008052
947392497
947433299
947583764
948225242
948388082
948788507
950617595
951039929
952294398
952694944
954100397
955226403
955778502
956034322
956122231
956492985
956850371
957457493
957993000
958397582
959119902
960289550
961662798
964443486
964604685
964607859
964819440
965097800
965116856
965328958
965845490
967717491
969233119
969689253
970362980
970563465
970768799
971119590
971648780
971801440
972614491
973680405
973721048
974618167
976026804
976154613
978171854
978292270
979684834
979693969
980409603
981085590
981209306
981929687
981992528
982825929
983149826
984489476
986180644
986271194
986301734
986489745
987118219
987627733
988353873
989176630
989358981
989443573
989925012
989980694
990845470
992914739
993303978
994907591
994932366
995093011
996065646
996413229
996577062
997059453
997094775
997566862
997761648
997769114
997799360
997980529
998289709
999743328
999764523
1000325059
1000492429
1001337338
1001788650
1001887415
1001911197
1002304300
1003325534
1004667843
1006167318
1006600904
1007022635
1007730008
1007853657
1007991994
1009143375
1009194596
1009349288
1009524858
1009594502
1009859150
1010087742
1010472175
1011338902
1011657253
1011684326
1011952399
1012996798
1014327118
1014504678
1014727231
1015350349
1015528206
1015727962
1016019186
1016680266
1017934304
1017946810
1018755007
1019301743
1020017977
1020533165
1021205883
1021252029
1021966520
1022217864
1022993591
1023051831
1023179378
1023508711
1023570121
1024828772
1027064447
1027816872
1028127636
1028577828
1029142540
1029898245
1029952286
1030315600
1031532734
1031966779
1032520267
1032873863
1033157037
1033754681
1033800865
1034281075
1034359867
1034790287
1035032544
1035381839
1035430177
1035662851
1035728979
1035881898
1036547582
1038256124
1038332456
1038697430
1039373680
1039893222
1040644527
1040963510
1041166691
1041326005
1041731518
1042895865
1043386162
1044598641
1045556005
1045738012
1045954896
1046173193
1046924441
1047289626
1047412265
1047649445
1048403483
1048412820
1048799462
1049373568
1050008446
1050182858
1050753349
1050840111
1051164002
1051217845
1052648815
1052730713
1052833936
1052986771
1054058993
1054370922
1054481747
1056020625
1056177050
1056399811
1056406969
1056780563
1057715302
1058206970
1058344939
1058798013
1060147946
1060243985
1061390900
1061580727
1063356578
1064000037
1064420524
1064791028
1064881790
1065097462
1065724879
1066314171
1066634068
1067562203
1067936444
1068345527
1068567749
1068730303
1069409214
1069487836
1070353940
1070395749
1071575242
1072334104
1072679681
1074119010
1074392939
1074688686
1074717686
1074981646
1075310074
1076138736
1076230578
1076519766
1076617957
1076713439
1077716173
1079089761
1079492230
1079547557
1079870958
1080577038
1081822095
1081866015
1082185739
1082597062
1082753671
1083522288
1085646902
1085919911
1086242352
1086422755
1087959728
1089355842
1090408081
1090572497
1092815988
1093015965
1093060699
1093182103
1093251804
1093984835
1095570630
1096065286
1096712053
1097225798
1097963051
1098027700
1098375677
1098400773
1098737855
1099136878
1099795860
1100819224
1101920407
1102238415
1102561305
1102943621
1103463529
1103769502
1105216103
1105653939
1107310386
1107711149
1109001548
1109972810
1110125957
1110536203
1110673416
1110990546
1111300573
1111771603
1112259995
1112629701
1113697546
1114422923
1115085137
1116472018
1116981650
1117820697
1118136499
1118798928
1119953376
1120023388
1120081715
1120278299
1121233429
1121972689
1123513124
1123830069
1124022009
1125369112
1127205389
1128570004
1128686591
1128710941
1129042344
1130059032
1130795942
1132170417
1132788031
1133080059
1133155013
1133176357
1133396364
1133425115
1135075347
1135305757
1135764380
1135835741
1136265617
1137580278
1138016693
1138486203
1139275230
1139505884
1139974637
1140092909
1140130506
1140858866
1141146319
1141182867
1141235593
1141244478
1141604535
1142051052
1142116789
1142308066
1143215324
1143325675
1143348635
1143575094
1144511996
1145085345
1145486534
1146087100
1147585923
1147911153
1148242059
1149123629
1149750962
1149804978
1150181996
1150613470
1151721164
1151981337
1152263887
1152445242
1153318403
1153718490
1153740676
1153960334
1154403926
1154585407
1154664332
1155120722
1155475262
1155654968
1155899594
1156883031
1157477945
1157843544
1158463926
1158481151
1160290720
1160699060
1160842567
1160973944
1161666543
1162208616
1162311918
1163209423
1164053026
1165695165
1165833879
1166078855
1166299468
1166745026
1169003161
1169273338
1169353980
1169459304
1169489858
1170179405
1170316574
1171687509
1171996361
1172245586
1172985865
1173474733
1173612098
1174450874
1174500705
1174733636
1176988888
1177536267
1177601849
1178438517
1178557568
1180702452
1181068581
1181938192
1182302983
1182402112
1182558864
1182658753
1183871877
1183963265
1184660299
1186619476
1186913749
1186950976
1187161670
1188765569
1190829182
1192389293
1192500477
1192814647
1192819068
1192838402
1192841341
1193723986
1193989456
1194776760
1195358509
1195547533
1195603810
1196333910
1196637910
1196832350
1196833252
1196892019
1198690607
1198725651
1200487408
1201163943
1201667397
1201668125
1204590075
1205897927
1207308305
1207579523
1207751363
1208892604
1209600402
1211405614
1212138723
1212378787
1212812050
1214046534
1214254502
1214290663
1214667791
1215167666
1215389807
1216247822
1217082002
1217097800
1217766521
1219606368
1219664629
1219736937
1220370765
1220527664
1220856909
1221120340
1221595142
1222521410
1222912582
1223314996
1223697955
1224582961
1225855459
1226079991
1226818470
1226913722
1227162914
1228146617
1228421138
1230010397
1230639811
1231051149
1231295019
1232264709
1232285469
1232841013
1233189865
1233463543
1233889454
1234672913
1235122546
1235275610
1236088791
1236290699
1236909086
1237569566
1238120406
1238621200
1239462366
1240086152
1240417534
1240871207
1242355774
1242830435
1243431710
1243844813
1244279545
1244280886
1244343748
1244905282
1245845437
1246150460
1246762612
1247182730
1247790738
1247810209
1248479204
1249508058
1249687429
1253969236
1258937707
1260488024
1261166206
1261240186
1262553933
1263547972
1263581947
1263902098
1264798282
1264980921
1265887944
1266476871
1267183822
1267433341
1267730480
1268940365
1269188729
1269557090
1269961493
1270384978
1270476593
1271047741
1271749348
1272204613
1273296992
1273384575
1274360093
1274634697
1275322867
1276327925
1276561940
1277480901
1277866407
1278412383
1278930158
1279085349
1279151728
1279482492
1280216861
1280482692
1281220369
1281629751
1282173291
1282728337
1282980602
1283397004
1285298683
1286219773
1287619632
1289464180
1291067469
1292178435
1293229847
1293633416
1293700649
1294093861
1294391786
1294937913
1295287546
1295544313
1295889497
1296894650
1297987879
1298151212
1298196018
1298657315
1300003416
1300128329
1300320443
1301509665
1301590929
1302133806
1303083101
1304277950
1304279040
1305429011
1305499200
1306506389
1306786571
1306884762
1307168305
1307379416
1308696784
1308716002
1309505125
1310070011
1310498645
1311509201
1311846922
1312388259
1312842587
1313818257
1314149380
1314155493
1314226868
1314492464
1314745831
1316069002
1316226977
1317405235
1318151789
1318194117
1318453128
1318487210
1318733062
1319174669
1319625269
1319877965
1320152866
1320660445
1320698668
1320757863
1320836786
1321083464
1321990252
1322941909
1323383161
1325094010
1326058734
1326150229
1326870869
1327236885
1328130744
1329207255
1329425656
1329765207
1330395856
1330667817
1332413220
1332825253
1333280960
1333397176
1334269611
1334901951
1335836074
1336863591
1336876832
1337117409
1337291301
1338170605
1339378625
1339688549
1340022316
1341577524
1341600972
1341801425
1341892950
1342472808
1342572698
1342597963
1343662577
1344038590
1344170774
1345052464
1346030005
1346990102
1348799672
1349063058
1349635376
1350283874
1351143597
1352299569
1352458535
1352626169
1353828110
1354544696
1357715950
1358034605
1358096848
1358296304
1358658597
1358859700
1359335316
1360114214
1362387475
1362602768
1363611497
1363731452
1364476169
1365078157
1365159171
1365276328
1366165004
1366345664
1366906153
1367090666
1368528475
1368883035
1368995148
1369683795
1369805978
1370496908
1370635829
1370777387
1371055364
1371518244
1371671148
1372020063
1372097608
1372764440
1373855615
1376828332
1377973380
1378135122
1378409622
1378524286
1380292898
1380697644
1381021040
1381797240
1382069034
1382588924
1383404520
1383837530
1384361962
1385414101
1385795934
1386018737
1386858521
1387181117
1388270858
1388282959
1388687860
1388946070
1389289027
1389343421
1389822048
1390983977
1391107024
1391527781
1392062551
1395479960
1396326300
1396720730
1397710051
1397881840
1397892625
1398038007
1398614145
1398887158
1399345036
1399564434
1399952382
1400720152
1400843145
1400862169
1401303351
1401613142
1401722402
1401976875
1403500726
1404045856
1404698442
1405382323
1405621332
1406714571
1406718917
1406871051
1407082671
1407563609
1407939768
1408563720
1408833995
1409310581
1409510653
1410240846
1411565686
1412853685
1414130419
1415176916
1417959226
1418355457
1418410915
1418454756
1418997105
1419063322
1419290437
1419380463
1419449872
1420086751
1421086201
1421253521
1421485299
1422421970
1422692874
1423687968
1424006282
1424179678
1425162546
1425232066
1425431805
1425591613
1425791295
1426778186
1427347087
1427728279
1428756848
1429028574
1429273690
1429651702
1430041884
1431061120
1431130746
1431795880
1432628967
1432721489
1432977785
1433340755
1433503276
1433564037
1434477037
1434592282
1435634966
1436544369
1436743049
1436831638
1437286686
1437812047
1438000658
1439901458
1439950340
1440758227
1440760889
1441131553
1441153145
1441440190
1443011848
1446336663
1447091607
1447164964
1447514343
1449667271
1450477095
1450582839
1451192723
1452672561
1452935535
1453736330
1454038293
1455125769
1455559678
1456863480
1456979921
1457065784
1457920851
1459167748
1459237806
1459265477
1459367359
1459402451
1460189250
1461637914
1461788973
1461906699
1462739855
1463039097
1463634300
1464175525
1464619019
1464681951
1465074361
1465521702
1466248685
1467126001
1467866457
1469791070
1469861074
1470639832
1471304015
1471643928
1471916926
1471940364
1472013923
1473008207
1474743580
1475231282
1475436255
1475446868
1475660632
1477415958
1478171597
1479916460
1480278054
1481707907
1482685689
1482818352
1483308204
1483398423
1484143808
1484339346
1484513975
1484615189
1484692776
1485157678
1485945963
1486763635
1487442217
1487906454
1487965404
1488814100
1488920754
1489638762
1490191773
1491409769
1492141533
1493009768
1493606797
1493754387
1493792625
1494686779
1496182719
1496495893
1496957860
1498091043
1498608383
1498631617
1500150734
1501133631
1501663503
1502116378
1502224719
1502420441
1503927908
1504172478
1504792687
1505897586
1506460339
1506889425
1506953416
1507214671
1507983396
1508123412
1508462573
1508674382
1509131083
1509328322
1510392712
1510517310
1510585256
1511115729
1511191536
1511422650
1511497917
1511849225
1512137672
1512230934
1512238255
1512868564
1513690703
1514442027
1514455867
1515930319
1516893803
1516909229
1517593411
1518860305
1519110821
1519358835
1520349839
1520574108
1520979952
1521521953
1521609984
1521839017
1525228080
1525754351
1526302330
1526898033
1528089564
1529102580
1529566492
1530365118
1530587268
1530777455
1530860751
1531320406
1531571314
1531882289
1532266568
1532343484
1532489042
1533870113
1534439612
1534818180
1535138291
1535574021
1536925509
1537805000
1538372160
1538418463
1538535060
1539355682
1539877545
1540043981
1542064425
1542733392
1543503138
1543690480
1546833685
1547299942
1547634413
1548057599
1548098578
1548727390
1548923530
1549005166
1549254202
1549462072
1550351418
1551003173
1551150278
1551264856
1551578805
1552329811
1553148420
1554771600
1555026854
1555696540
1556186301
1556222596
1557296026
1557558166
1557680483
1558768889
1560303811
1560439415
1560600089
1561384344
1561707142
1561750669
1561900058
1562339168
1562417655
1563109902
1563289464
1563917548
1564310911
1564497357
1564987446
1566359144
1566457003
1566641288
1566835740
1567637533
1568177912
1568520446
1568596303
1569041651
1569649741
1569651615
1570069112
1570236602
1571191703
1571930332
1572254065
1573045082
1573239441
1573293245
1573468503
1575298105
1577289084
1577728502
1577761536
1578340928
1580210726
1580267512
1580457526
1580530699
1580613789
1581134949
1581727746
1582396462
1582611895
1582771963
1582865356
1583776912
1584771387
1585167696
1585177673
1586065755
1586305055
1587194534
1588163890
1588598843
1588994211
1589126858
1589410715
1591618968
1591806517
1592904058
1592922461
1592987449
1593762102
1593944505
1594100634
1594596230
1594740510
1595221601
1595746721
1595834293
1595964883
1596160126
1596409833
1597366684
1597577102
1597644012
1598071877
1598152476
1600945871
1601879674
1602007142
1602177788
1602978320
1603085180
1603444957
1604254111
1605001663
1606329331
1606915114
1607624655
1607698764
1608038727
1608771998
1608920187
1609332614
1609336712
1610171035
1611098794
1611636126
1611717057
1611766335
1614215020
1614954255
1615898540
1616375568
1617027178
1618027983
1618655965
1619099633
1619964689
1620215777
1620898858
1621895824
1623319674
1623662892
1623979185
1624477903
1624806073
1625057084
1625821926
1625972184
1626680343
1626826758
1627654855
1628099336
1628758503
1629181846
1630554775
1630741552
1630797784
1631327777
1632497903
1632978555
1634368834
1634377618
1634490034
1636203235
1636412237
1636419120
1636512169
1636876297
1637693854
1639230147
1639862771
1640070573
1640932649
1641509451
1643305213
1643439921
1643474263
1643559258
1643681536
1644045651
1644567506
1644966659
1645082967
1645492759
1646204459
1647254685
1648217317
1648962725
1649670097
1650792359
1651040869
1652212701
1652496059
1652720013
1652849716
1653476788
1654298788
1654300842
1657465395
1658494346
1659051730
1659627738
1660465830
1660513111
1660570500
1660967437
1661187592
1661492348
1661638535
1662405711
1662799447
1663160852
1663283301
1663402579
1663552610
1664090403
1664258148
1664932137
1665341367
1665513905
1665820156
1668099356
1668768893
1669223121
1669418064
1669518047
1672485654
1672905389
1673190954
1673322708
1675512612
1676388365
1676947922
1677524172
1678817888
1679358945
1680603597
1680802532
1681027213
1681207833
1681339334
1681488196
1681713485
1681955343
1682896284
1684161003
1684638622
1685008383
1685356448
1685372253
1685455195
1685877491
1686336444
1686889810
1687422124
1687536170
1687757941
1690209872
1690609762
1691129411
1691511798
1691866543
1692004755
1692052598
1692186379
1693502725
1693932129
1694281903
1694730493
1695543935
1695602196
1695910059
1696112595
1696831851
1697089420
1697218542
1697660075
1698100578
1698746854
1700071523
1700221345
1700980690
1701004911
1701103474
1702684746
1702687186
1703374592
1703949386
1704616166
1704913493
1705408233
1705764611
1706789559
1707068302
1707131502
1708150439
1708557484
1708633509
1709116982
1709828166
1710494012
1710509824
1710819506
1711938219
1712367857
1712561935
1712776679
1713076006
1713497952
1713933274
1714480790
1714576071
1715183880
1716214222
1716869289
1717609681
1717722382
1718258852
1718335856
1718644911
1721382559
1721452402
1721637465
1722292231
1722358039
1722531890
1722910252
1723054648
1724702971
1725388563
1725711133
1726823709
1726904066
1727790269
1728592188
1728737999
1729197991
1729293992
1729922215
1732582969
1732966785
1733437746
1733693336
1734083924
1734147523
1734418204
1734683030
1734708898
1736330255
1737089522
1737144855
1740137538
1741236446
1742490706
1742823339
1743626191
1743970803
1744488782
1745395161
1745422327
1745849040
1746716584
1746791342
1747005949
1747019187
1747442588
1747705130
1748206869
1748399046
1748714453
1748743597
1749724568
1749840489
1750828176
1751269620
1751467044
1752092619
1752269404
1752599535
1752816439
1754655019
1754834970
1755112973
1755282061
1757351942
1757433411
1758288875
1759211173
1759297985
1759417080
1759805707
1760309883
1760357014
1762176586
1762459640
1763856886
1764385857
1764762392
1765096060
1765935848
1766114216
1766313952
1767386180
1767430376
1768276779
1768404818
1768525277
1768580276
1769739771
1770076390
1770359104
1770677981
1771218794
1771685590
1771902170
1772548881
1772680535
1773230649
1773344966
1773833483
1773899459
1774370316
1775179758
1775291950
1775504118
1775758814
1775874176
1776055132
1776584906
1777834682
1777978000
1778602838
1778737706
1779574313
1779744660
1779788563
1780143848
1780449700
1780685946
1780912862
1781167124
1781295368
1781654023
1781742698
1783024513
1785332417
1785685351
1786312558
1786595970
1787400473
1787839757
1788138254
1789162291
1790000328
1790066119
1790658032
1790668928
1790742239
1791610760
1792154601
1792773765
1792953193
1793110811
1793503945
1794494456
1795224942
1795483070
1795992205
1796829154
1797889827
1798868395
1799827534
1800149702
1800769249
1800947010
1801142035
1801211708
1801260006
1801717796
1801906944
1803416611
1803707933
1803868300
1804121309
1804740974
1804754168
1805090835
1805270395
1806169099
1806314201
1806458864
1806976513
1807063673
1808241559
1808674915
1809368867
1809399991
1809702556
1809958559
1810827060
1811126508
1811270316
1811588422
1813420961
1814132050
1815373082
1816876365
1816927563
1817720624
1818266908
1819275778
1819543125
1819642551
1819789066
1819827933
1820438434
1820895490
1821044541
1821089887
1821270135
1822063207
1822207169
1822698846
1822962901
1823276128
1823516277
1823621430
1824191711
1825969583
1826661972
1827826541
1828185663
1830265344
1832233266
1832922891
1832982212
1833223606
1834918335
1835004690
1835226296
1835784813
1836505226
1836594223
1836768268
1837130861
1837251784
1837321672
1837659956
1837719822
1837798856
1838345088
1838350414
1838895251
1839137346
1839500306
1839760772
1839837313
1840204732
1840308157
1840599024
1840794269
1841390416
1841584334
1842486388
1843337626
1843456614
1844158601
1844238580
1844523331
1845793768
1845913232
1846014075
1846537891
1846786959
1848194303
1848359087
1848489424
1848955293
1849168418
1849585929
1849666091
1850128395
1850179911
1850484506
1850669839
1852142868
1852445712
1852480611
1853366542
1853630837
1854086705
1854729453
1855793935
1857756843
1857791849
1857948330
1858249960
1858668756
1858821823
1859568226
1859612346
1860071331
1860351497
1861221673
1861690912
1862525406
1862640570
1863621918
1863933106
1864109354
1864125274
1864256366
1864256825
1865223522
1866650522
1867499858
1867809330
1867828605
1867866874
1868353456
1868541484
1868620563
1869061295
1869277481
1869372695
1871451820
1872027170
1872055457
1872180154
1872504144
1873463405
1874794727
1875051668
1875894363
1876868515
1878283215
1879331410
1879931044
1879939618
1880194920
1880592293
1881053262
1881569034
1881706173
1881832152
1882017783
1882126640
1882426290
1882786906
1882937270
1884535982
1884547804
1885095234
1885426764
1885941012
1886125062
1886496910
1886547592
1886572590
1886961345
1887142074
1887248519
1888348769
1888760862
1889312411
1889926168
1890162902
1890350522
1890608524
1891995128
1892105692
1892539760
1892621554
1893165455
1893511209
1893700066
1893756093
1893974164
1894650651
1897496225
1897615405
1897899252
1897999900
1899547140
1899553421
1900595280
1900895842
1901161328
1901342347
1901525841
1902887362
1903261879
1903296148
1905655095
1906422695
1907774814
1907803083
1908259867
1909546650
1909895051
1911759889
1911921376
1912339927
1912674394
1913168913
1913576950
1913817627
1913845706
1915356240
1915665177
1915873543
1917105692
1917354363
1917424507
1917757965
1918443322
1920308403
1920309716
1921227554
1921444413
1921632406
1922529099
1923660768
1923925096
1924012952
1924413775
1924620970
1925050097
1925708713
1926096736
1927292652
1929096459
1929311433
1930696288
1931051171
1932224622
1932469328
1932729315
1933154058
1934168186
1934169277
1934257867
1935843813
1936420876
1936555443
1937305117
1937965984
1938590686
1938802750
1938917436
1939918987
1940377793
1940516641
1941160554
1941330354
1942223371
1943078860
1943101101
1943614964
1943874198
1943916243
1944165802
1944426744
1944481270
1944754011
1945005299
1945141486
1946216552
1946342661
1946452878
1946639749
1947024090
1947694338
1948015303
1948318224
1948817501
1949622079
1951001422
1951595479
1953411665
1954106115
1954592015
1954658323
1954742972
1954804205
1955060422
1955486994
1957547427
1957577762
1958041871
1958113816
1958471252
1959666123
1960643912
1960860751
1961243248
1961401181
1961465878
1961495663
1961533107
1961671436
1962202715
1962321322
1962448855
1962858914
1963057850
1963343504
1964685442
1964943975
1965012421
1965604164
1965693697
1966227419
1966626553
1967120840
1967592534
1967828635
1968650728
1970045489
1970204649
1970357683
1972033296
1972785676
1973003604
1973554601
1974311674
1974679493
1974681904
1976027642
1976672443
1977888193
1977994601
1978392600
1978725422
1978924744
1979234127
1979329025
1980494601
1980663662
1982055551
1982186091
1982633028
1982889413
1984178745
1986476909
1987227400
1987461154
1987698820
1988453008
1989235665
1989737359
1990675879
1990771417
1991071352
1991960968
1992700808
1993082214
1994455598
1994501136
1994742476
1994934932
1996147531
1996315784
1997004984
1997305529
1997511759
1997642187
1997841614
1997989805
1998073590
1998478228
1999972721
2000144084
2000588020
2000662625
2000785672
2001681410
2001738218
2004554825
2004866102
2004889220
2004985202
2005191130
2005388835
2006991440
2007110400
2007373076
2008279637
2009855764
2010917907
2011180228
2011290515
2012425549
2012488880
2013380325
2013939323
2013989496
2016292204
2016481822
2016736563
2017564329
2018567681
2018823515
2018967266
2019476593
2019741612
2020418450
2020557371
2022081822
2022170095
2022843470
2023641217
2024365602
2024534648
2024571589
2024651283
2025235664
2026085252
2027328220
2027424365
2027704741
2029502400
2030243579
2030411846
2031796758
2033228028
2034141078
2034147613
2036799333
2037107208
2037720477
2039384080
2039815985
2040594328
2040786230
2040919815
2041650815
2041807994
2041816048
2041970699
2041981168
2042497273
2042689433
2043288335
2044006166
2044779596
2046324824
2046888532
2048300267
2048474104
2049183645
2049609143
2049817780
2051280226
2051661637
2052891837
2053596001
2053763457
2054659566
2055297673
2055809104
2056224689
2056274101
2056590713
2056888944
2057906295
2058528141
2059519835
2060574684
2060667565
2060728863
2060978240
2061030458
2061486424
2061556794
2061824200
2063044587
2063165501
2063829498
2063938797
2064242800
2064455905
2065252717
2065936080
2066181941
2066454345
2066621009
2066748608
2066909898
2067035267
2067086490
2067977825
2068035497
2069425001
2069821863
2070360772
2070521176
2070630998
2070684212
2070689294
2070747519
2071126249
2071352969
2071685700
2071850153
2072348884
2072408908
2073762289
2074223418
2074473624
2074682890
2074744316
2075788727
2075996923
2076117719
2076169622
2076171023
2076843675
2077658998
2078230927
2078542713
2078898546
2079072457
2079204398
2079898296
2080013442
2080454268
2080657011
2080786956
2080808957
2080815750
2082580547
2082614274
2082647649
2083150694
2083529342
2083566402
2084938022
2085486222
2085497664
2088766792
2089732385
2090140614
2090346895
2091308096
2091533828
2091738156
2093944231
2094018940
2095423021
2095588821
2095957193
2096669149
2096670101
2096938899
2097419851
2099349172
2099464344
2100217824
2100709929
2100743162
2101657524
2101701636
2102211616
2102488883
2102685734
2102747113
2102838911
2103198349
2104613881
2107251167
2107486599
2107667396
2107890150
2108993872
2109286094
2109532365
2109607745
2109804425
2112128620
2112328870
2112875827
2113152032
2116879100
2117195529
2117619342
2117948784
2118177049
2118645187
2118738111
2119324550
2119344420
2119803911
2120526303
2120646293
2120693385
2120800226
2121037389
2122257847
2122428486
2122746622
2122765272
2123197986
2124831871
2124987912
2125330518
2125997213
2126512926
2127323058
2127373004
2127504304
2128397592
2128841065
2128894147
2130059102
2132322919
2132619204
2133106219
2133451983
2134255252
2134284275
2135178746
2135560807
2135583825
2136520779
2138773706
2138840435
2138892748
2139845204
2141174760
2141943023
2142978708
2143769856
2144641475
2145355037
2145663219
2146999058
2147344727
2147385457
