238793
274992
1070161
1155221
1548867
1767243
1817404
1857234
1892475
1999009
2778374
3320489
3417147
3596406
3985140
4360418
4772105
5368493
6667060
6910571
8706430
8826808
8906760
8992488
11961689
13308409
13503175
14491115
14729908
17043758
17135504
18319028
18419023
18856516
20603773
20853545
20922207
20981917
21735833
22489033
23293048
23469137
25108212
25491765
25843986
26286947
26418999
28327400
29066839
29648670
30209806
30597772
30722940
31535630
32011701
33500389
34996111
35101728
36075357
36763933
37234703
37311738
38119420
38761648
39457054
39836150
39935411
40320672
40582736
41555314
43548765
43678759
43735915
44077853
44084819
44208684
45191014
48444520
48920308
49330618
50397219
51280598
51343030
53706285
54192080
54369932
55092421
55093053
55127900
55955410
55994619
56674978
56683792
57292969
57647761
57952440
58272659
59275795
60067245
60074962
61250303
61411866
62419747
62790860
62956248
63626221
63794902
63922472
64557990
65074552
65281392
65286668
65305357
65395805
66094882
66493594
66589391
67387028
67427253
67689269
70259664
71623508
72633281
74260232
74404952
74476096
74899344
75293939
75363997
75888984
75952114
76187752
76597976
76656589
77022275
77559540
77651048
78746797
80890203
81220944
83239483
83370581
83796426
83811791
83967706
84422952
84927578
84989514
85974956
86665806
86903659
87346448
87497493
87735967
89460991
90329549
90764632
90776528
92084168
92528291
92918627
93379339
93962770
94202366
94267831
94303604
94974796
95101842
95838637
96346833
96480184
96568802
96649717
98621016
99488619
99713169
100368676
101154784
101245876
102657227
103198936
103327045
104087101
105659944
105731380
106583710
107249050
108579702
109314472
109787357
109938648
110263196
110646539
111704495
112613125
113058714
113438459
114748360
115459675
115515989
115719395
116639079
117328877
117338013
118075913
118427967
118565534
118778308
120014499
120213316
120914543
121212118
121647137
122610161
122916908
123130381
123533949
123539511
123780738
124124124
125298031
126409786
126780480
126875221
127091762
128051671
128252620
129720636
129724842
129805397
130324330
130650221
131278174
131370925
131586997
131768459
131932592
131992257
132217095
133289240
133338913
134036861
134253207
134482824
135136942
135935788
135950866
136249527
136322988
136543481
137435750
138077932
140200658
140281642
140594056
141457483
141511316
141562875
142081192
142397802
142424210
142933318
143385363
143788166
143975882
144411123
144535892
144840645
145256334
145592737
145688279
146185281
146247895
147199281
147467268
148120797
149437592
149518414
149768949
149840344
149877024
149885603
149921778
150756741
151291739
152365541
152848109
153072093
154972089
155354841
155845033
155869901
156009984
157229921
157324479
158983699
159613492
160399760
161937903
161938779
162064494
163449490
163861648
164023975
164269270
164758242
165852742
166632035
166883207
167483260
168196627
168680163
168690704
168711161
168753285
169191648
169891682
170824734
171117280
171499150
171543689
171550682
171883029
172833488
173010579
174349851
174489536
175277591
175859568
177152236
177496800
178188895
179393700
181121951
181247404
181494991
181665084
184115452
185451793
185472602
186813796
187658279
188245550
188407707
189519770
189893598
192164517
192235828
192520004
194042759
194143399
194614245
194672280
195370572
195888008
196338529
196699373
196845288
197158512
198160462
199460667
199854763
199931157
200143486
200488333
201121616
201583719
201666277
201987774
202135274
202533876
202699888
202850951
203429728
203831061
204115889
204128254
204465563
204501912
205265682
206732286
207533364
209168259
209779600
209945374
210101369
210631872
210800609
210833565
211311687
211473882
212636029
212901811
213322556
213520791
213663892
213859629
214504610
214725631
215672220
215907721
215959418
216869925
216962511
217032803
217675588
217698848
218658003
218983166
219164883
219190349
219723915
219845814
220104665
220429920
221471115
221554433
223116171
223237143
223717991
224911597
225952815
225988608
226147266
226340440
226629436
227041407
227432400
227823879
227859515
228063410
229084735
230517017
230851979
233833670
234842491
235145558
235814921
236322926
236346558
236361901
237519585
237983219
238044737
238079387
238166258
239359209
239589810
239646861
240982185
241231726
241426844
241508972
241835989
242788208
243070986
243352961
244958303
245217472
245884273
246180519
246741307
247564490
247688549
247861308
247873775
248138940
249200638
250276595
251225125
251800922
251832140
251915292
252046935
253123491
253397516
253808825
253831089
254382276
254458436
255542266
256420805
257153739
257385212
257741177
257810582
258905330
259707116
259815699
259975182
260636993
261468550
261573918
261651516
263042712
263341322
263415118
264068096
264269460
265470375
265470479
265622707
266128385
266319438
266626166
266853345
267723035
269838887
269988924
269989104
271289009
271513297
271847572
272395055
272500111
272829670
273223730
273235065
273258481
273265903
274177169
274196723
274268300
274442346
275522115
275608044
275989002
276916664
277414829
278957577
279019742
279028486
279868420
280607904
281157335
281225858
281915610
281987688
282256109
282805004
282899109
284197626
285080168
285707818
285796456
286048814
286305563
286393729
286710553
287134192
287198562
288694635
289190176
289358673
289793674
290456457
290811781
290948589
291209750
291305707
292166985
292396800
294445053
294578342
295623660
295905227
296668390
296686555
296895939
297640356
298122974
298239530
298565904
299575609
300334633
300695738
300789143
300836358
302234413
302836107
302966887
303324713
303739792
304126888
304146867
305312500
305341113
305376233
306138510
306306278
306547773
308327387
309003846
309833833
310260770
310268104
311599701
311600427
312048735
312537717
312878546
312903003
313726178
317323357
317710276
321698845
322347048
322568236
323305333
323433738
323463149
324158569
325014830
325175746
326250408
326382676
326896631
327458991
327808934
328071861
328136695
328217596
328392683
328627990
330195540
330222977
330555683
330941894
330961315
332105199
332391476
332527185
333158617
333826428
334380297
335055770
335236444
335668797
336819894
337362036
338140448
338412805
339444539
339612168
339915657
340033604
341161737
342144485
342208295
342283525
343698715
343881541
343898101
344083002
346162505
346366882
346729759
347264126
348076917
348920294
350484967
351307816
352072754
352556011
353537345
353673514
353823996
354817055
354892936
355160788
355864747
355953862
356229732
357214090
358148052
358322972
358584687
359003171
359764607
360201408
361339616
362039234
362316617
362535660
362784554
362965382
363290103
363526198
363526851
364231845
366101325
367115160
367158510
368310211
368549716
370297732
370348995
371104348
371131247
372790600
373682728
375047026
375660967
375690049
376229947
376264392
376903068
377334650
378349827
379111756
379120479
379735007
380052819
380352226
380960515
381492204
381723509
381868914
382527711
382960365
382991564
383147885
384092991
385040695
385241944
385265503
385583155
385585978
385866597
386861272
386989183
387293167
387448007
387937719
388321187
388434932
388571964
389021876
389198455
389682043
392747812
393730090
394105844
394392426
394976300
395197131
396049443
397849405
397899052
398022878
399588136
399594277
400205657
400435933
400617949
401849628
402746841
403247573
403866626
405304153
405634871
406460014
406682747
408097220
408748758
410895422
410907198
411154570
411616733
413184296
413552396
413897635
414065437
414287087
415097435
415187113
415255687
415396653
415429304
415904162
416077791
416201091
417236938
417258315
418573521
419616076
420340549
421450000
421686955
423076976
423542040
424333381
424465411
424588918
424786398
425493692
425865082
425920014
426124412
426697352
427132225
427340017
427823497
428105853
428461731
428479806
429266020
430487201
430763649
431189849
431351474
433715945
434975162
435385746
435489944
435497196
435746932
435920004
436023738
436631526
436717788
436833179
437226420
438153306
438198888
438364037
438601069
441197493
441601808
441914160
442165750
442444167
442703403
444173451
446231700
446670896
447648469
447777315
448156253
448912952
449475700
449865749
451628947
452112843
452156339
453243329
453342412
453453715
453559686
453686530
453843014
454674695
456423754
456511227
456700827
456855855
456973526
457304726
457900992
459209743
460039590
460318992
460603698
461353539
461363690
461558477
461752403
463079035
463380014
463651607
463726374
463933871
464098358
464558459
465697950
467358816
467363952
467394723
468351171
470115602
470348407
470619866
471499141
472226127
472271411
472583360
472956714
473009046
473778986
474860571
475205633
475246508
475520548
476113963
476397692
476519370
477436937
477896422
478883148
478956751
479283223
480369440
480911033
481153192
482984494
483274650
484214631
485574226
486119597
486242975
486261245
486493179
487420370
488412993
490054322
490286689
490908481
490967717
492418929
493296600
493857536
494220144
494701927
495084328
495526631
497019516
497055249
497171417
497260643
498534028
498587790
498858527
499404122
499898800
499961402
501483753
502237378
502449951
503271468
503427305
504120230
504957530
504969251
505524310
505791612
505890249
506772310
507595505
508092723
508096917
508337563
508359377
508445715
509231295
509618562
509635965
509723241
509970358
510050913
510479707
510496057
511394124
511861563
512356457
512602826
512847824
513248312
513339811
513711221
514235089
514683243
516471976
516592721
516787377
517325163
517510828
518661731
518991887
519191309
520569626
521240327
521523888
522173943
522433418
522449835
522934676
523016127
523048547
523156390
524510328
525417165
526393587
526741958
527317318
527562708
527906863
527980754
528386077
529522110
529687807
530159853
531433802
531725238
532635251
533711285
533799082
534314761
534501428
534912462
535539992
535554310
536332452
536871464
537095523
537387651
538486054
539609167
541403862
541562715
542302163
542983476
543009125
543351265
543968157
544701853
545076436
545621797
545656192
545675970
545997699
546125418
546457397
546549252
546598121
546954864
547387803
548992585
549013424
549205207
549224139
550057519
551977475
554424860
555014112
555328355
555431314
555879640
555974754
556149204
557797131
558232009
558538417
559786226
560670002
560920454
561168937
561315743
561624741
561655880
561700182
561874753
562822590
563349291
565087099
565845285
566231822
566398063
566661684
566890491
567043078
568582778
569750262
569997364
570921113
571295046
572772272
572817111
574176722
574986431
575066971
575084164
575154340
576977922
577026853
577671670
578162535
578323258
581555559
582564039
582859168
583254745
583426793
583578404
583837223
583912155
584667051
584847479
585096085
585155325
585847773
586223822
587078862
587860294
588840916
588955581
589293120
589544854
590072779
590114500
590265428
590285591
590676505
591358077
591791104
592524119
592843095
592903812
593376008
593605972
593940942
594092194
594461209
595212681
595227041
595643864
596438494
597844618
597996088
598366750
598459309
598503165
598551773
599222796
599827712
599955450
601050683
602161449
602281639
602626903
602750995
602984743
603804101
604456001
607329153
609298085
609957460
610409742
610510332
612774624
612832559
614180596
614915244
616463713
616472279
616790727
617063935
617108340
617112805
617516891
617791709
618012580
618319379
618832749
620345084
620471294
620490444
620912952
621719603
621983539
622554149
622688612
623239531
623354362
624243022
626066623
626152055
626616701
626671400
627311868
628557614
628926138
629400502
630247330
631267520
631965908
632465518
632675275
632802974
633034475
633375509
633590289
633877526
634827244
635560211
636831345
637041312
637574087
638613136
638718813
639430503
640005925
640556981
641433058
641528943
641948621
642205419
642437917
642736040
642864967
643120138
643393992
643817658
643828501
643872520
644626273
644801758
645304247
646404163
647375913
648408552
648672222
648697954
648817844
650837589
652172679
652233881
652321588
652703996
652795186
652801092
652843845
653379935
653471495
654145657
654719405
655875761
656981982
657177171
657251698
658187122
658393509
658865743
659114596
659226893
659418810
659965494
660036581
660979086
661690370
661767531
661845994
662429047
663613754
663856603
663886271
664450574
664507663
664907530
665486484
667254090
667395631
667735104
667896791
667957471
668214247
670029695
670030401
671573190
672878092
672923181
673570996
673620825
673812687
674157386
676059786
676087483
678058795
678064016
679583262
680145439
680234920
680386947
680592285
680774813
681148614
681621973
681927420
681950155
682910089
683179106
683250295
684183265
686833408
690391952
690487670
690994812
692154188
692329520
693307270
694289786
694422310
696351061
696784154
697463008
697575409
698083705
698215570
698299008
698692669
699064759
699687699
700586795
700746536
701061093
701162262
702023583
702302431
702611222
703727558
706552904
706564861
707002829
707197216
707302949
707494910
709292357
709767523
709875404
711692759
712398804
713360042
713933400
714268531
715289541
716301450
716953687
717165487
717778549
717865131
718401586
718599018
718924396
719156839
719589018
719989089
720051018
721308068
721656812
721835474
722621146
722826289
723027027
723038492
723214995
723223728
723433490
723556896
724145000
725713574
725783299
725907354
725977978
726290506
726682406
727348495
729023256
729513761
729830234
730575606
730665457
731839819
732850009
733270451
734580461
735411357
735786857
736495588
736523701
738190086
738216654
738772450
738791200
740086931
740105279
740322812
740377858
740583401
740648434
741042745
741461796
742168053
742430310
742485778
743026138
743403343
743823020
745070622
745299700
745324544
746541350
747033845
747167331
747581736
748058674
748230444
748250982
748488734
748927462
749053676
749112176
749531602
751229674
751967308
753659205
753842996
754523451
754666282
754780123
755310872
755446597
757694468
757868310
758792856
758927873
759374772
760399054
760598627
760816442
760851049
761489781
761505442
761592223
762978453
763765968
763911608
764521292
766213282
766324294
766550505
767020030
767412857
768817106
768841449
769262728
769511243
769731600
770181859
770313536
770871474
770963643
771560303
771781253
773207336
773639528
774861908
775386415
775662621
775924240
776010334
776611197
776670182
776828868
778601070
778923170
779134165
780944172
782259369
782309048
782392935
782724241
783014507
783335516
783873859
784060908
784149325
785338061
786091820
786712495
787103078
787169621
787528745
788310301
789465522
790572409
790903211
791244854
791597610
791644674
791905666
792153889
793208971
793439251
795705798
796045840
797457115
798691981
799149977
799188329
799235645
800005970
800155911
800262887
802147042
802701473
803751568
804000219
804082719
804213105
804249017
804878771
808471216
808785194
808985433
809198926
809685248
811085552
811885745
812404592
812475325
812823922
814208854
816028542
816423467
816773650
818473210
818514979
818777769
820399647
820401588
820853256
821222489
821894765
822394601
822932190
823033530
823739856
824229871
825086711
825570202
825757196
825989987
826285699
827132237
827342686
829061662
829467081
829525407
830066369
831164658
831435547
832283611
832785689
833696297
834341699
835732481
835791354
835959045
836331433
836708533
836753074
837495400
837946658
838358964
838714309
839304277
839484036
839676100
839786978
839941175
840602552
840990758
842953853
843409082
843941570
844178737
844943007
844947223
845386134
845792319
846127591
846492550
848572411
849786311
850202098
850522305
851404478
851530506
851567714
851663374
851853658
852936733
853015878
854175040
854224630
855184906
855469534
855608452
855953358
858760871
859247601
860332370
860986564
862154146
862295081
862905212
862921564
862993974
863052068
863841689
864834699
864838687
865346244
865628062
865636068
866154148
867116417
867666934
867797850
868034003
869086648
869620542
869969786
870091267
871647527
871967180
872725202
872744603
872829429
873361296
873543069
874121624
874650106
874798420
875369687
875506966
875543847
876152039
876416956
876446681
876489229
876739137
876984856
877311618
877878785
878235160
878946808
879556111
880061866
881398996
882884290
883379731
883386321
883768813
883871463
885114460
885273489
885430345
887104250
887273129
887623078
888127747
888155677
888235402
888452513
888510394
889264616
889551658
889858256
890899639
891353533
892027953
892382434
894183009
894425985
895018294
895663584
895817497
896084388
896246945
896578092
896724190
896751590
897159333
897714338
897819731
898063149
898174624
899079455
899102773
899371872
899710187
899794297
900014915
900952992
901893791
902811104
903138315
903335404
903764775
904568966
904611647
905693784
906452548
906874748
906979983
908039140
908166796
908314027
908845724
909365247
909541238
909628096
909743700
910238246
910873274
911006277
911999966
912082649
912211375
913224608
913607456
914467151
914491753
914650806
914945667
914957230
915019933
915385617
917954005
918505646
919626759
919866683
920335199
921408194
921939145
922418620
923309370
923671786
923967375
924839593
924846456
924905399
924936200
925021141
925109640
925302300
925324185
927561697
928057954
928501460
929076959
930009266
930358695
930674322
930768099
931424090
934224770
935168787
936024370
937557156
939317204
939527557
940511699
940519677
940802718
941296331
941449244
942091793
942811704
943513151
943566851
944706140
944814204
946277048
946360080
946610600
946892759
947517920
947921565
950014694
951674738
952007216
952136108
952323263
952354664
953137117
953149436
953224623
953684836
954159017
956002765
956295444
956469276
957302602
957748342
958192690
960700793
960808340
962305724
963162860
963320771
963500487
963733258
963801661
963814102
964257276
964345832
964620792
964769577
965428316
965458894
965507948
965574948
966337172
966366555
966371690
966855993
968065390
968335117
968642430
968780446
969079135
969971974
970044343
970426870
970799140
971640684
972069134
972264847
972286851
972642372
973194297
974194424
974500039
975428677
975475013
976813830
977468471
981635827
982956289
983150183
983270655
984191005
984310065
984569717
985052974
985864451
986177541
988744833
990838582
991035204
991194463
991510249
992710410
992813454
993172756
994266829
994410020
994720650
994949797
995794935
998075638
998734472
1000405657
1001563295
1001754291
1001947265
1002291130
1004582140
1005348433
1005403299
1006914416
1006941060
1007445173
1007711614
1008674233
1008700182
1009192697
1009272920
1009352207
1009580922
1010059326
1010174215
1011604716
1013187774
1014072004
1015246900
1015420362
1016384948
1016400683
1017401474
1019213926
1019315514
1019847518
1020084955
1021855814
1022517829
1022832161
1022875683
1022883994
1024084827
1024406935
1025292417
1026245529
1026406401
1027330720
1027477799
1027520895
1028165089
1028412740
1028632805
1028970107
1029526145
1030042794
1030963568
1031820337
1032265053
1034958186
1035541864
1036237966
1036620332
1037940296
1038169199
1038378245
1038586896
1038647761
1039921905
1039995436
1041044582
1041742568
1042240377
1042751172
1043799449
1043936909
1044450012
1044457389
1044476443
1045644557
1046355775
1048612486
1049028863
1049037306
1049305429
1049982459
1051025333
1051696793
1051974119
1052088885
1052211993
1052573938
1052622015
1053026661
1053457449
1053487364
1054061263
1055224181
1055512122
1056045209
1056200955
1056279105
1057550462
1057579567
1057587893
1058004028
1058027615
1058523730
1059352245
1059418795
1059536761
1060273261
1060733444
1061392372
1061917347
1063412781
1064270540
1064271439
1065888650
1066007194
1067505760
1067931755
1068114422
1068585123
1068991057
1069065796
1069602141
1069693698
1069887068
1069968054
1069995356
1070222004
1070381922
1070625855
1070954401
1071752470
1072446810
1072700271
1073056314
1073411863
1075757943
1076692808
1076929650
1078711711
1078834325
1079192877
1079921269
1080451443
1081454322
1082642563
1083266812
1083852277
1084156382
1084380697
1084583536
1084943120
1085911729
1085934641
1087262088
1087398526
1087651761
1088253303
1088319103
1088652950
1088821428
1089243669
1091970436
1092319957
1092709207
1093173993
1093686571
1093810702
1095582802
1095696812
1096005922
1096089640
1096209973
1096476282
1096506002
1096667837
1096862720
1097025408
1097407561
1097898602
1097919566
1098491426
1098638586
1098983808
1100966824
1102458456
1105270289
1105339309
1105363634
1105556971
1106178106
1106552032
1106939621
1107142946
1108198458
1109106917
1109735188
1110416318
1110980010
1111521782
1111663928
1111898676
1112279334
1112279608
1112566845
1114182803
1114548004
1114703709
1116118057
1116668270
1116872594
1117971806
1118619254
1119375882
1119517165
1121117535
1121613874
1121759261
1123089527
1123306002
1123412001
1123653752
1124205264
1124861574
1126386953
1126628584
1127100259
1127384339
1127660703
1128039080
1128119295
1128131987
1128976732
1129464798
1131130567
1131368812
1131474630
1132197209
1132976118
1133441737
1133596509
1133939723
1133975183
1134669797
1134711482
1135605586
1136484646
1136646513
1137091161
1139358686
1139542967
1139681209
1139765396
1139905973
1139907027
1141480000
1141971459
1142185985
1142206876
1142608277
1142635863
1142866121
1143162318
1146202024
1146411806
1147627190
1147788324
1147867889
1148132801
1149239798
1149321477
1150248305
1151755536
1151893244
1152750845
1152923467
1153992907
1154339444
1155068982
1155825415
1155942666
1157444320
1157500034
1157721892
1158312068
1158497618
1159055581
1160185471
1160400361
1161197851
1162125248
1162913423
1164421221
1165010752
1165172466
1165251952
1165479473
1165680204
1166466992
1166528757
1166688425
1167750492
1168138642
1168953895
1170184770
1170254325
1170379211
1170892819
1171222833
1172324422
1172482933
1172552827
1173372077
1174695739
1175185253
1175303620
1177354135
1177354823
1177354883
1179251761
1179491873
1180622162
1180822319
1181047327
1181755235
1183038346
1183125398
1183275132
1183695843
1187001721
1187241694
1187988968
1187990836
1188169277
1188197954
1188821516
1188917689
1190238414
1191325357
1191851063
1192541057
1192892346
1192997351
1193014816
1193516699
1193863991
1194390424
1196389060
1196742949
1196946788
1199369125
1200458642
1200869870
1201519191
1202155792
1202931070
1202968734
1203092467
1203936691
1204034614
1204582718
1206630912
1206674280
1207496590
1207601723
1208033891
1208616194
1208669739
1208798465
1209416119
1210145751
1211472459
1211945825
1212124077
1212867781
1213316217
1214171056
1215449802
1216124660
1216384009
1216953307
1217039907
1217388399
1219099183
1219127664
1219174667
1219495726
1219978144
1221500461
1221765586
1222010372
1222757185
1222976331
1222977870
1224232458
1224317349
1224483549
1224632697
1225612375
1226436057
1226476564
1228072254
1228914439
1229188246
1229333927
1233399420
1233575599
1233794040
1234097995
1234713348
1234721059
1234984163
1235532530
1235542366
1236071392
1236366024
1236568822
1237210072
1237540679
1237823493
1237992753
1239074558
1240558788
1240911634
1241351254
1242527494
1242801542
1242993277
1244890733
1245098389
1245642596
1246060061
1247077618
1248255717
1248985618
1249634985
1250068265
1250215933
1250475691
1251637784
1252218966
1252737557
1253481542
1253993834
1254013767
1254197369
1254331743
1254553535
1254699654
1254748662
1254960101
1256343518
1257055377
1257998347
1258228657
1258523474
1258788071
1259854234
1260271983
1260379578
1260862034
1261349137
1261946435
1262043264
1262260875
1262469591
1262964972
1265394445
1266290159
1267469947
1268291290
1268756007
1269225645
1269745628
1269749561
1269772980
1269866232
1270430074
1270805155
1271662309
1272104856
1272680253
1273326123
1274492425
1275065562
1275120002
1275123282
1275478971
1277794248
1278024151
1279232973
1279435216
1279869568
1281219438
1281460713
1283342533
1283441061
1283445475
1284355889
1285544662
1286175734
1287586111
1287801237
1288483875
1288528147
1288553102
1288761499
1289504845
1289684537
1289744774
1289969330
1291141418
1292267440
1293121148
1293219927
1293562049
1294193993
1294854773
1294891984
1295290617
1297698309
1298046262
1298984575
1299578277
1299594581
1299677492
1299687594
1299879310
1300162224
1300856180
1301444987
1301822654
1302261572
1302752292
1303635710
1304569241
1305602531
1306166291
1306556716
1307148641
1308240027
1308876642
1309213313
1309283768
1309883435
1310184477
1310502962
1310873117
1311135701
1311144429
1311211480
1311958404
1312139623
1312175777
1312238452
1313177888
1313928472
1314392764
1314978172
1316256900
1316382132
1316412872
1317156659
1317364195
1317989170
1318817642
1319571888
1319858868
1320560194
1320706053
1321768696
1321976749
1321981085
1322506500
1322697744
1322878170
1322882445
1324143391
1324438314
1326562400
1327143455
1327863986
1328321655
1328417129
1328588017
1329093572
1329521222
1330256800
1330401485
1330592311
1330977603
1331436502
1331797226
1332794894
1333013681
1333562357
1333746381
1335477942
1335756626
1335868112
1335977520
1336356986
1336395880
1336627176
1337066871
1337835649
1338307251
1338968743
1339350104
1340585108
1342096859
1342275242
1343418083
1345067585
1346610362
1347476421
1347632949
1348014124
1348351333
1348373604
1348660421
1349862737
1351520958
1352296589
1352667019
1352716307
1353118745
1353395950
1353583388
1354105609
1355565532
1357064282
1357142369
1357230106
1357402451
1357452792
1358199482
1358333536
1358477460
1358497632
1358780175
1358782220
1359078713
1359170964
1359275397
1359882852
1359893005
1360683132
1360825587
1361362692
1361518032
1361827995
1362288370
1362751522
1363079969
1363116042
1363284748
1363463013
1363638396
1363654393
1364340337
1364545468
1365894417
1366860256
1366941790
1367464790
1367512880
1367728208
1368165474
1368179106
1368434959
1369071553
1369431241
1369447019
1369589786
1369632155
1369793778
1370854923
1371053499
1371595261
1372261419
1374360498
1375467489
1376084360
1377093583
1377185230
1377358316
1377748245
1378373925
1380499223
1380573690
1381347006
1381574875
1382391939
1383281750
1383914978
1384701214
1384804849
1385207568
1385957794
1387396582
1388594127
1388641426
1388849773
1391176881
1391267056
1391557910
1391997416
1392664891
1393060356
1393602363
1394215255
1394868634
1395149434
1395308893
1395501490
1396496368
1396559942
1397462082
1397570596
1399317440
1399368817
1399715342
1400434874
1400861354
1401225684
1402186133
1402352565
1403825960
1404338403
1404644896
1404829949
1404835615
1405185865
1405666572
1406678708
1406799135
1407161315
1407401644
1407782573
1408111964
1408881873
1409341634
1410361737
1410506745
1411519722
1412343446
1412556378
1413612175
1414185367
1414678257
1414951011
1415091354
1415190812
1415275125
1416895422
1417627566
1417645226
1418291855
1419108534
1419548084
1420435880
1421268460
1423057388
1423681661
1424151676
1424725208
1425339607
1425618386
1426233477
1427905854
1428204066
1429066114
1429497084
1430178237
1430472237
1431601756
1431621557
1431928888
1432234570
1432294037
1432391770
1432463105
1433232881
1433676109
1434019678
1435724804
1436458237
1436462894
1436497730
1436745046
1436872708
1436967768
1437646113
1438797794
1440217593
1440305566
1440351469
1441214973
1441266364
1441972872
1442447905
1443895409
1443945018
1444422014
1444714748
1444755737
1445147805
1445434348
1446318424
1446428755
1446500863
1446650669
1447459074
1447519747
1448165124
1448166595
1448297588
1448643423
1449532125
1449542863
1449574833
1449658486
1449766647
1450152980
1450197887
1451190853
1451313833
1451895923
1451968559
1451979320
1452239772
1452273745
1452282723
1454330396
1454362475
1454368111
1454776646
1454799254
1454805459
1455182086
1455253022
1455705764
1456086177
1456183706
1456396443
1456412594
1456676517
1457039721
1457073759
1458106139
1458279658
1458407471
1458797247
1459170637
1459379743
1459527883
1460241849
1460960378
1461093763
1461180505
1461190992
1461853349
1462127178
1463844083
1464001223
1464678297
1465237768
1465592955
1466375978
1466616616
1467060076
1467521085
1468758767
1469249980
1469646227
1470398343
1471934837
1472563188
1472935085
1472992714
1473401814
1473741504
1473905901
1474165695
1474281300
1474822635
1475287389
1475634381
1476104293
1476792770
1477822355
1477960987
1478160702
1478567092
1479282395
1479574149
1479755581
1479820098
1480124313
1480560175
1483850081
1484650203
1484872755
1485130316
1485148551
1486129723
1486293465
1486379728
1487257246
1487435603
1487822740
1488721415
1492110992
1492138821
1492844608
1492849437
1493422371
1493508604
1493552011
1494395020
1494500032
1494588892
1495490627
1495825850
1495832054
1495986505
1496245298
1496859102
1497634833
1497650661
1498295801
1498873961
1499987045
1500066416
1500277104
1500481058
1500937031
1501072281
1501241634
1501345075
1501677684
1501925139
1502458572
1503053330
1503256875
1503562629
1504718989
1505044075
1505159995
1505684342
1505761266
1505799917
1505971804
1506558874
1507135972
1507570944
1507890348
1508183900
1508667704
1508769777
1508887550
1508995156
1509063482
1509151398
1509161977
1509250375
1511011916
1511061634
1511175041
1512256939
1512418318
1512425439
1512721233
1512898720
1514939878
1515300437
1517250639
1518743243
1520191214
1521213208
1521308718
1522654882
1522945896
1523300595
1523710920
1523776035
1524412656
1524957685
1524990601
1525108276
1525171476
1525182679
1525477854
1526014361
1526278282
1526542961
1526731037
1527390389
1527945926
1529668595
1529674138
1529923090
1529994933
1530013258
1530207496
1531282435
1531853066
1532465439
1532730218
1533222762
1533324999
1534079251
1534322657
1534459056
1534820657
1535242778
1535580306
1535620475
1535632494
1536750578
1536888588
1537121944
1537321495
1537430120
1537441797
1538200941
1538561710
1538882720
1539323230
1539459232
1539517947
1540695295
1541196098
1541546231
1541699704
1542867860
1543030364
1543371451
1544467263
1544539935
1544643944
1545030425
1545269163
1545353465
1545426042
1546323148
1546388908
1546472094
1547386011
1547449356
1548077851
1548749526
1548935615
1548957806
1549520321
1549913258
1550935465
1551455990
1552069047
1553884388
1553947072
1554061910
1555114066
1555123357
1556015464
1556595496
1556798817
1557628017
1557834389
1558222668
1560560290
1560618553
1561763063
1562289601
1562315950
1562424907
1562584049
1563119125
1563761788
1564567495
1564737903
1564899471
1565062006
1565074063
1565099266
1565106809
1566255291
1566272651
1566338624
1566625608
1567301312
1567696256
1570083098
1570262234
1570808907
1573502866
1574180614
1574478578
1578100367
1579299100
1579349895
1580364125
1581404288
1582564962
1582869410
1583527510
1583742891
1584421827
1584765540
1585030757
1585445579
1586364871
1587001424
1588752232
1588826129
1589613766
1590043858
1590062327
1590125982
1590721086
1591898494
1591908316
1592201897
1592348962
1592558663
1593072728
1593874904
1594096133
1594236350
1595406881
1595614742
1596073786
1596195448
1596728497
1596802046
1598495673
1599024983
1599038273
1599452100
1601588998
1602355661
1603859279
1604506813
1604611124
1604783563
1605883588
1605956155
1606219776
1606806081
1607435834
1607511655
1608150288
1609567932
1612293038
1612838231
1613657673
1613773665
1614151676
1615333550
1615485767
1615831435
1616426009
1616453642
1616536021
1617576489
1618137122
1619152054
1620173718
1620995540
1621700602
1621741500
1621993019
1622863903
1623409935
1623423760
1625402492
1626451268
1626823097
1627339954
1627715351
1628899302
1628934397
1629510235
1629797671
1629823496
1629943113
1629978870
1630084012
1630160158
1630468349
1630512896
1631488862
1631621450
1631763854
1632530705
1633449734
1633727063
1634323378
1636785819
1639771392
1640794667
1641502461
1642124324
1642656430
1643522901
1643680469
1643941512
1643949665
1644100977
1644205451
1644383352
1644606637
1645316072
1646207887
1646874672
1646956579
1647279006
1647738019
1648086114
1648920262
1649900824
1650255716
1650389694
1651106067
1651929056
1652290524
1652529318
1653036620
1653501940
1653663130
1653808715
1655079585
1655279563
1655716283
1656003151
1656192943
1656745837
1656857346
1657130029
1657503855
1657743833
1657896375
1658227719
1658243247
1658609109
1659280136
1659969180
1661259034
1661753184
1661832013
1661980693
1662625880
1663207866
1663248795
1664198122
1664239765
1664664168
1665410260
1665606068
1665695369
1665777246
1666012778
1666192834
1666310917
1666666836
1666688231
1667259226
1667550370
1670261673
1670646550
1671007129
1671483479
1673942056
1674573469
1676424183
1676723885
1677409733
1677567026
1677651026
1678961506
1680107112
1680507269
1681713143
1681802749
1681971451
1682117153
1682653449
1685320669
1685423310
1685527053
1685876645
1686519453
1686523214
1688299579
1688352624
1690246170
1690851485
1691576120
1692287877
1692392948
1692657114
1692749911
1693130919
1693558300
1694157554
1694873649
1695347820
1695411200
1696175665
1696712315
1697103387
1697224924
1697819825
1697938806
1698278809
1698605511
1700068462
1700268114
1700637431
1701048859
1701494147
1703466115
1704233052
1704299592
1704714312
1704828420
1705042467
1706385267
1706417448
1706519772
1707271981
1707502356
1707937682
1707949979
1708887062
1710909384
1711297906
1711617484
1712126569
1712461056
1712991915
1713535408
1714142674
1714935463
1715136502
1715161681
1716589178
1716710488
1716808027
1717930783
1718765192
1719796924
1720802283
1720954061
1721232535
1722084765
1722285626
1722452864
1722460878
1723296492
1723331432
1724160210
1725261858
1725609988
1726349519
1726425011
1727154333
1727907815
1728074429
1728757588
1728916378
1730217125
1731257262
1731956834
1732054451
1732443319
1732661330
1733318766
1734370334
1735717817
1737283595
1737323772
1737959217
1739073518
1739148323
1739197725
1739411303
1739726148
1739807996
1739935033
1740403793
1740895262
1743565945
1744291025
1744521905
1745413969
1745464184
1746713339
1746797564
1747289120
1747360836
1748818207
1748991554
1749280584
1750895779
1751006282
1752002048
1752438561
1752479989
1752876321
1754155879
1754370099
1754737344
1755844910
1756624975
1756798023
1758114619
1759314871
1759453797
1760048654
1760133317
1760648028
1761543009
1762159178
1763222306
1763246248
1763507402
1763829518
1764329861
1764905747
1764927875
1766249266
1767405255
1767717230
1768081780
1768851789
1768901562
1769198011
1769848407
1770339746
1770437255
1770732976
1770963250
1771938545
1773721853
1774614667
1775119678
1775921365
1777108818
1777381615
1777627895
1777638270
1777750638
1778192552
1778444369
1779541147
1779555468
1779599100
1779968534
1780144045
1780755725
1780789458
1780831979
1781469666
1781616532
1782010808
1782437041
1782620753
1782851392
1783066111
1783166850
1783406410
1783716613
1784163722
1784556912
1785158969
1785418025
1785637563
1786042516
1786088592
1786969678
1787088594
1787325443
1787540078
1788096461
1789153635
1789154892
1789471794
1789598918
1789650749
1789994401
1790023685
1790087738
1790113894
1790296391
1790578150
1790627184
1790935645
1791511626
1794354819
1795494627
1796196822
1796256060
1796999579
1797152395
1797997900
1798280944
1798999615
1799033391
1799512719
1802063650
1802764821
1803933891
1804664961
1805802411
1806901521
1807225072
1807554190
1807690915
1808627118
1810655476
1811046598
1811688711
1811950526
1812848525
1814132143
1814416190
1814596612
1815257079
1816463163
1816568613
1816848939
1817070064
1817174704
1817213687
1817928283
1818610463
1819259588
1819298725
1819551837
1819926900
1820055775
1820188775
1821085263
1821369202
1822084706
1822262102
1822517914
1822566773
1822813986
1825048510
1825086276
1825550285
1825766229
1826746451
1827323295
1827838154
1827849468
1828052419
1828287235
1828295264
1829372402
1829455754
1830438737
1830594834
1831328830
1832412476
1832467373
1832887785
1833606888
1833924217
1834659318
1835014866
1835055657
1835228703
1835376462
1836118561
1836382266
1836600522
1836714179
1836897104
1837818742
1838144698
1838664145
1838743707
1839512393
1839684812
1840343696
1841061823
1841135592
1841191668
1842238163
1842336545
1842599979
1842728670
1843368033
1843378769
1843529584
1843534397
1844189747
1844986076
1847135198
1847441376
1848522035
1848979676
1850245347
1850524672
1853333595
1853347507
1853352683
1853441459
1853515834
1853784108
1853981513
1854024705
1854854381
1855020415
1856287211
1856622166
1858607701
1859188426
1860273686
1860881747
1861033765
1861432842
1861461626
1862600828
1862601630
1862857162
1863561776
1863589359
1863652954
1864028941
1864117098
1864327805
1864702589
1864810920
1864966853
1865566873
1866897156
1866911137
1867377232
1868997028
1869208220
1869586564
1870361997
1870869750
1871199179
1871239663
1871377778
1871667457
1872440302
1873256711
1873846105
1874423469
1874456364
1875153966
1875401744
1875427068
1875558905
1875845233
1875897300
1876780590
1876803574
1877050680
1877137180
1877200011
1877595549
1877720215
1877853128
1878984818
1879148399
1879277656
1879661015
1880273455
1880468941
1880665116
1880981603
1881321608
1881387688
1881716855
1881794304
1882546856
1885982900
1886930167
1887067122
1887510233
1887594702
1887799965
1888582195
1888628176
1889624419
1891227441
1891686684
1892228442
1892365917
1892410077
1893635606
1895537788
1895683448
1895887574
1896185806
1896350203
1897061303
1897256023
1897546531
1897886583
1897974239
1898228844
1898654959
1899080545
1899099324
1899611710
1899901251
1899949664
1900474521
1900480561
1900482761
1901338855
1902104210
1902337778
1903798422
1903957051
1903972968
1904073468
1904327262
1904678758
1905010504
1905092672
1909261783
1909831827
1910715486
1914025451
1914151375
1914512704
1915114727
1915625583
1917747781
1919787852
1920100372
1920546435
1920748484
1921169781
1921386381
1921636121
1922736321
1922981370
1923208486
1923269740
1924181418
1924810967
1925101716
1925883679
1926304840
1926674163
1927650425
1929225207
1929615532
1930744525
1931576574
1932142918
1933286256
1933769332
1933842399
1934741343
1935009637
1935290816
1935503127
1936074656
1936191076
1936193965
1936895216
1937402577
1937481558
1940445559
1940482687
1941080731
1941845526
1941912417
1943669823
1944613910
1944859567
1946560787
1946585094
1946739283
1947661272
1948040379
1948088702
1948240447
1948359928
1948514489
1949609121
1949995211
1950125455
1950837751
1951240929
1951381064
1951661988
1951833585
1952506242
1952508818
1952645572
1953016540
1953085358
1954957988
1955729457
1956215623
1957748762
1958284133
1959811569
1960932201
1961548956
1961813247
1961980186
1962717070
1964295529
1964833303
1965489002
1965760147
1966049031
1966693709
1967757104
1967887020
1967963176
1968049741
1968386728
1969839180
1970214387
1971005022
1971191670
1971704586
1972122224
1972691012
1974096035
1974368777
1974470223
1976033093
1976273548
1976309588
1976680882
1976892042
1977386123
1978866605
1978934990
1978936781
1979456188
1979650396
1979865664
1979927846
1980804470
1981045654
1981177236
1982131611
1983321148
1983501453
1983723232
1983762652
1983870631
1984474217
1985021322
1985156068
1985530544
1987689205
1987970541
1988201367
1988956161
1989060656
1989791185
1990075646
1990084776
1990666021
1990861419
1992579372
1992755140
1994058582
1996544900
1998083563
1998330190
1998489103
1998594389
1998798265
1998821991
1999026660
1999727871
2000883092
2001530231
2001977252
2002072414
2002695978
2003297475
2004085115
2005425740
2005710613
2006677910
2006915047
2006929641
2007867876
2008447099
2008831465
2008928894
2009635039
2011120839
2011863793
2012486908
2013136627
2013685580
2014156315
2014690245
2016028926
2016524087
2017467683
2017888549
2019006296
2019184508
2019316823
2021047161
2021823553
2022569106
2023190969
2023556234
2023644467
2023687705
2023690974
2024235616
2024903355
2024982593
2025656537
2026053571
2026541430
2026641090
2027075967
2027389882
2027876344
2027937901
2027990921
2028118663
2028178496
2028242262
2029089089
2029452275
2029574202
2029603424
2029906831
2030095504
2030242146
2031281221
2032054683
2033263124
2033488622
2035017768
2035493829
2036303900
2036509860
2037361963
2037960334
2038425551
2038989135
2039372378
2039510317
2039861195
2041377482
2041849779
2042086105
2042932469
2043270867
2044351303
2044351701
2044412328
2044569644
2045088300
2045216789
2045231351
2045525057
2046265853
2046836322
2047193159
2047495538
2047573379
2048930588
2049816998
2049970636
2050522234
2051952852
2052473185
2052643804
2052800744
2053379110
2054179838
2054182442
2054359126
2055305315
2055508635
2056052173
2056085525
2056746374
2057412378
2057742053
2058107370
2058917245
2059140147
2059329962
2059757902
2061981583
2062311360
2062822988
2062978694
2063555081
2064323745
2064575601
2065893479
2066538786
2067554606
2067754827
2068580445
2068782397
2069121672
2069518192
2070033735
2070309424
2070910719
2071256258
2071938755
2072639516
2073078539
2073754242
2074149358
2074460506
2075449335
2075863427
2076333438
2076568228
2078179428
2078190531
2079108208
2079746578
2080038897
2080125821
2080809404
2080977902
2081795582
2082134948
2083219291
2083432585
2086393905
2087177193
2087642835
2088960974
2089794375
2089847146
2090095689
2090988774
2092220496
2092459238
2093728818
2094426525
2094599187
2095177664
2095604273
2095835344
2096069853
2096255541
2099741130
2100545712
2100729117
2100756886
2100965011
2101252659
2101550232
2103460597
2103821188
2104548944
2105434032
2105865419
2106951343
2107011661
2107129018
2107601223
2108472789
2109308835
2110783124
2111325967
2111450493
2112612189
2113617978
2113773666
2113995312
2114062407
2114216893
2117002554
2117687162
2119627267
2119802907
2120445991
2121525758
2122589275
2122872636
2123470307
2123850819
2124842489
2125705652
2126096001
2126179325
2126501109
2127725932
2128286977
2128425012
2131227286
2132144499
2132742304
2133780901
2133785371
2133936567
2134690652
2134731891
2134912666
2135294704
2135838292
2136210524
2136344283
2136867864
2136949656
2137269717
2137987437
2138202129
2138795047
2139004935
2139160735
2140331123
2141231696
2141672631
2142942630
2143193049
2144630531
2144776036
2145931976
2145937040
2146550928
