134151
861411
1476380
2835834
3224168
3612125
3685186
4017008
4202113
4781997
4803120
5393465
5595451
5993488
6115054
6338038
8471771
10381532
10890224
10929475
10989790
11835272
12273354
13838456
14398540
15085740
15347685
16704539
16722417
17756272
19006758
19271161
19296666
19418880
19816911
20555533
20827235
21133544
21284878
21376274
21846618
22064049
22310945
22517294
24301945
24690714
25797175
26802860
26903560
26909552
28058562
28355577
28981399
29682337
31107901
31283080
31356596
31389657
32039744
32538006
32848748
33200786
34948908
35963783
36170556
37067503
37377737
37765534
38124696
38378340
38905350
39068349
40240314
40548136
40698408
40728909
40948952
42383012
42666469
43296970
43373914
43427138
43484865
44604832
46293935
46532980
46856690
47034853
47046661
47603822
48039969
48143148
48257740
48758181
48770047
49020566
49364801
49376605
49536289
50160752
50255029
50881598
51299261
51384351
52520724
52624645
53029819
53412822
54346202
55452026
55664761
55725028
56112692
56772721
57645193
59487654
59999433
60388519
62143680
62315861
63149234
63582913
64236387
64842774
66602886
67045344
67787351
68007126
68347268
69329184
69801826
71001961
71143171
72166156
73072210
73467280
73852901
74636130
74744422
75064549
75117844
75806135
76152944
76552405
76650038
77255443
77396127
77408924
77520917
77548755
77979361
78153965
78520204
78876240
80167721
80925764
80990427
82836814
82912337
83774379
83791863
85413193
85442201
86183941
87404731
87980774
88205064
88545969
90457934
91180285
91435689
92952077
93761408
93960439
94156557
94966040
95270298
96217418
96561198
96649355
97217805
98253406
98348152
98547874
99158129
100985900
101562832
101592142
101969803
103044850
103210743
103266887
104202268
105134285
105874657
105998130
106064247
106427833
106586337
107242749
107455792
108078940
108275030
108917239
109143940
110237267
110514827
110585168
112631951
112676566
113026676
113623475
113756696
114323139
115555172
115620549
116330605
117484333
118393950
118782761
119481956
120332302
120633067
120643344
120965604
121521452
121870547
123048018
124410684
125780377
126781153
127531568
128095157
128175535
128529445
129423207
130180939
130366836
130619928
132132437
133166881
133261335
133821770
134323202
134793865
134808880
135196249
136212875
136582161
138287027
138553748
138878242
138962728
139246335
139869530
139964945
140949311
142034775
142199092
142574869
142579491
143113649
143509885
143811040
144271239
144680683
145001948
147382419
148061713
148294977
148332729
148352844
148359930
148600236
148793883
148977638
149097467
149663375
150259501
150413035
150629490
151116638
151257823
151627081
152981846
153171530
153404652
153425823
153765862
154840365
155612603
156210485
156468719
156673909
156725627
156997389
157227779
157387542
158099093
158402999
159226425
160348736
160713717
161877111
161957871
162386506
162424740
162828837
163056172
163319989
164881592
165102998
165158749
165748335
165865211
166759408
166954148
167657628
167659232
168680202
169362833
169366640
169612932
170733903
170866307
172201891
173216765
174745324
176105999
177144180
178906569
179386665
180710830
181002619
181248244
181368782
181378200
181861156
183019148
183047267
183966427
184836242
185286341
185898211
185996076
186474276
186545469
186681634
186845173
187449695
187894279
188275279
189936418
190757991
191100723
191607258
191799827
192060690
192147883
192362028
192391389
193702299
193797192
193857018
196120770
197008084
197225340
197729661
198027486
198325231
198470712
198583506
198594076
198607873
198952190
199483085
199735517
200121236
200202377
200752234
201292645
201522778
201689656
201928221
202036178
202354455
203354475
203937317
204599720
204929976
204957061
205251010
205904886
206496248
207521539
207732863
208212293
208461458
209692229
210066986
210271292
211173020
211948061
212240162
212619131
213416124
213563033
214962707
215433910
216073764
216213512
216521980
216527090
217391983
217738846
217903583
218102172
218442898
218715454
219221405
219234390
220515524
220633959
220821464
221024805
221284736
221388249
222009764
222213979
222737367
222868518
223036618
223211217
225469566
226955797
227072231
227089949
227126044
227677123
228714179
229143057
229609903
229835497
230297528
230767777
231181020
231274259
231862644
232911754
234481698
234832613
234932811
235115721
235152673
235517098
235764451
235881121
236437586
236556169
236646737
237041676
237149259
237211636
237237565
237302969
237423516
237781794
237930612
238593670
240624106
241134351
241212694
241231085
241724032
241757981
241973252
242099773
242727093
243075376
243717009
244340349
244674979
245145058
245206666
245426250
245841947
245849220
245873057
246420641
246733006
248065914
248232348
248835764
249129477
249918495
250858050
251676382
251758216
252170928
252355486
252701237
253054008
253628424
253672720
253800392
254080645
254104046
254131225
254157430
254186287
255011215
255028454
255252617
256128839
256598416
256869949
256870631
257794507
257922302
258260439
258331406
259248470
259403117
259593743
260059203
260060435
260212325
260217498
262451358
264054889
264268350
264498637
265405837
265700434
266143817
266724941
266829093
267153408
267200294
267461763
267827940
268780232
269214993
269687728
269781955
270009962
270194005
270654177
270874390
271259976
271517296
272147515
272381549
272403755
272804030
273710797
273719037
274997126
275459210
275796643
278544936
279025282
280221831
280412407
280446971
280921342
282493326
283008156
283291541
283773480
283895688
284684707
285671661
286301925
286471157
286588169
286688692
287138099
288142933
288384843
289264594
289948939
290109885
290811838
291457744
292228735
292856690
292903622
293426217
293703192
294262725
294699983
294849952
295251339
296368640
296668771
297362923
297882703
298743875
299049057
301901577
302882669
303043457
303174217
303940092
304157963
304261663
304424249
305290016
305660849
306643461
306780042
308037647
308775430
308921742
308966811
309770085
309904168
310046230
310414666
310652573
310702463
311764339
313158012
313208040
313687297
314134459
314182582
315870250
316044033
316151266
316410754
316856276
317455418
317765881
319236281
320236777
321215380
321301205
322237213
322897340
323299498
323385766
324019973
325555848
326239610
326589816
327005669
327244708
327481636
328778464
331864616
334795907
334911471
335518582
335598175
336179647
336952690
337519008
338753844
339243535
339780803
340174234
340939643
341289885
341419959
341962975
342204694
342534808
342645980
343611013
343634104
344144678
344929217
345158928
345258777
346935456
347362936
347585101
347938343
348167913
348421469
351548606
352073024
355272610
355559874
355742867
356133209
356150166
356408516
357987378
358056859
358581968
359061821
359492363
359560433
360449234
360796289
361345491
361386885
361901046
361927247
364068822
364281968
364429007
364531095
364583652
364585258
364700526
365362499
365547073
366659318
367714591
368515494
369095860
369821386
370148105
371243005
371692156
372085946
372455934
372619147
373174202
373189287
373490614
374171903
374334380
374846994
375438656
376568045
376948465
377475739
377687809
378001772
378080214
378588876
378985911
379261347
379605669
379675438
379761039
380424479
380514128
380967270
381299369
382985828
383006802
383184798
385346161
385655484
385737309
386433022
388211669
389963116
390049359
390231885
390358323
391159685
391831596
392503587
395247689
395256312
395862674
396186436
396325059
397981201
399105938
399255144
400038540
400546743
400568949
400570316
400762044
400885834
401494868
401621564
401978638
402172648
402680428
405419192
405505246
405987332
406613640
406930467
407719189
408954180
409767451
410795996
411318487
411709657
411959988
412398775
413062872
414187779
415032285
415177022
415372783
416276653
416527917
417234219
417654058
418436627
418736852
418923708
419482377
419858614
420667634
420681330
421209161
421988683
422035816
422818647
424426123
424774350
425199735
426477221
426662724
427232524
427534465
427923536
428128856
429349302
429450244
429489558
429618051
430161203
430628833
430998311
431066352
431109247
431119263
431514828
431789681
433284911
434255803
434355982
435051830
435180515
435212868
435950167
437552273
437637663
437693000
438042648
438423906
438925021
439617564
440775477
441439588
441567975
442614263
443116522
443231067
445183886
445200646
445307898
445322609
445698479
447614072
447800749
448712864
449123598
449460260
450159317
450604188
450794153
451927156
452348001
453235470
453509646
453595420
453651422
454780291
455729677
456843709
456973832
457855630
458434252
458952133
459377145
459471216
460084044
460666862
460985210
461328202
462061813
462277622
462416865
462537213
462982285
463558555
463718515
464745642
465429022
465487040
468063536
468294498
468400044
469911662
470400731
471032068
471803686
471860964
471900588
472148939
472998332
473625735
474845839
475489196
475586135
477105951
478311963
479306312
479325972
479904462
479907012
480397702
480567999
480686482
480696594
480941377
481958742
483188705
483269173
484148532
485099123
485129599
485297444
485352555
485810041
485867906
486612941
486705756
487141020
487181056
487923422
488885187
489284203
489299573
489439665
489998553
490255483
490641114
491311582
491741373
493637650
493992696
494000456
494128165
494466554
495255335
495355890
496005423
496230844
497083414
497210707
497361825
497417906
497450945
497872588
498497779
499447939
500036070
501181823
501307933
501427057
501642556
502417923
502465274
502616978
502728095
502854165
502957603
503028310
503656561
504056954
505322676
505565823
505990543
506423806
507854720
508200017
508593260
508871999
509314035
509735503
510200285
510683705
510742364
511079499
511740466
511881164
513616430
514308841
514369756
514529345
515281082
515544891
516194285
516463036
516794126
516910592
518144516
519865463
520181809
520524838
520921361
521036896
521606120
522706888
522870954
523226038
523464635
523926927
524077410
524402255
525262850
525285857
525568702
525945934
528944793
529264463
530791161
530837597
531008289
531319151
531941581
532382774
532556918
532609244
534377547
535582344
535720235
537708144
537873810
538690864
538752287
540025907
540566200
541067774
541291162
541349149
541638167
542856253
542877510
543123492
544667623
545175684
545323775
546227074
546361562
546444925
546698260
548191946
548874714
549136597
549152920
549753617
551685605
551752518
552158149
553897622
554955585
556031535
556164297
557112844
558100271
559279493
560669430
561497000
561570226
561959532
562266282
562391239
562853793
563717153
564729526
565242824
566470246
568835722
568858692
569231711
569781281
571016100
571469276
573373442
574246913
575904760
576057792
576372482
576740363
577428191
578768245
579039818
580428942
580932663
581062870
581504021
581605709
581678809
581817931
582268432
582436022
582542975
582673665
582957929
583079982
583398389
583470365
583637391
584137912
584188609
584238475
586002184
586498022
587632303
589235822
589316329
589432890
589647915
591464249
592441209
593373964
594031208
594786223
595450067
595553440
595787582
596557858
598185447
598399629
600027504
600446172
601505991
601904825
602485563
603807292
604227883
604506812
604579508
604789584
605002256
605148476
605951283
607061670
607080982
607349419
608461433
608509863
609953512
611806825
611987192
612048123
612159789
613434520
613502253
614033598
614600045
614989632
615033220
615718862
617148087
618195409
618341789
618538801
618841602
619665342
620236209
621295462
621299078
621506145
621824344
622331860
622810271
623034427
623820913
623883177
624052842
624862185
625171146
625580223
625683479
625904107
626485784
626603847
626626210
628425129
631663699
632715508
633171488
633507063
633580259
634159541
634177411
634828293
635274077
635481386
635624398
636126104
636381899
636478475
636843182
638324161
638389120
638898839
640109805
640205738
642417795
643190324
643216533
644282604
644503556
644624825
644793359
645196008
645196668
645436013
645580428
645724168
647886867
648062604
648447963
649376861
649798528
649935406
650001234
650193826
651892032
652020092
652263331
652566540
652882303
654035123
654081652
655452111
655461051
655630769
656648581
659159205
659327710
659777189
659875686
661249015
661538657
662254735
663125651
664422268
664630839
664757938
665267409
666203926
666708394
666828653
666830817
667061300
667976035
668476431
669153723
669224665
670639322
670810978
672110851
673169505
673335060
674908581
675006004
675644674
677508600
677879258
677892675
677920639
678491781
678514340
678520580
678932917
679745455
679840417
680065592
680109011
680160862
680893777
682356878
683417184
684364820
685429184
685515009
686760743
687468859
688114200
688301409
689592260
689613078
689942621
690473642
691437775
692182162
692563318
692701028
693308419
693949725
694625503
695984115
696111980
697329627
697423157
698569985
698619916
698958446
699172283
699553443
699595465
699657328
700742842
701035593
701309858
701380770
701388929
701456233
701659850
701663607
702143066
702341799
704832797
705739529
706234835
706552409
706931456
706945127
708706286
709540745
709743057
710102600
710174634
711006835
711791441
711826754
712060812
712197492
712444482
712519508
712712807
713097586
714679451
714901987
714968694
715431847
715782948
716502539
716564847
716936223
717804483
717999659
718553754
719007117
719682204
721061895
721475652
721522012
721712217
721716311
721939858
722123546
722263978
722550924
722673807
723411587
723533501
724523492
725069988
725357696
725603621
726143374
727903646
729459041
730193235
730393443
731335490
732047688
732541453
732841201
733238476
733619404
734453021
736539109
736687119
737084978
737593261
738630315
738707028
738908437
739602354
740273444
740638515
741136618
741182307
742591822
743111197
745289031
747102841
747749418
747768450
747785870
748903423
749239017
749417658
749457045
749591425
750030900
750077972
750151709
751052142
753517518
753760219
753807600
753871732
754867913
755208999
755512624
755774054
756008403
758637103
758791965
758815877
758863021
761157423
761504370
761722443
761789289
762404149
762789646
762979175
763569046
764247993
764844207
764963722
764997489
765676387
766053501
766674511
767696653
768530386
769832361
770448468
770532488
770741087
772674411
772730220
773100022
773125278
773249183
774178146
774363901
774474674
774604960
775001806
775239905
775312923
776258865
776713592
776966612
777656329
778419010
779132710
779558779
779616635
780088814
780191869
780613466
780648473
781335943
782288141
782413274
782893692
782948405
783407138
784497572
785220795
785533578
786187441
786530092
786532306
787638103
787668376
787694710
787788464
788091821
788583504
788957453
789326224
790009078
790099941
790758827
791941198
794613899
794821435
795274582
796117412
796153942
797077561
798520865
798665537
799026209
799120873
800626636
801180466
801815330
802098302
803982735
804065275
804230371
804285383
804436857
804967581
805708092
805765288
806377302
806965969
807021361
807691144
807755651
807991340
808077277
808151611
808797855
808836562
809233882
810089693
810089737
810877738
810980605
811555017
811633392
812039378
813629456
813923532
814296507
815062117
815690520
817135848
817503063
818909886
819103271
819411984
819412767
820957229
821700737
822452246
823673008
825229829
825462842
825667319
826597302
826832531
827492812
827617218
827761165
828433557
828963675
830447902
831144484
831282488
831406256
831550194
832072847
832704156
833539240
835428684
835455394
835514896
835705892
836022453
836427626
836754633
836993297
837270758
837279047
838136785
838178422
838318446
838736461
839787180
840591639
841563973
841731278
842401962
842484640
844279595
845188313
845650868
846136138
846448145
846682124
846882579
847310761
847323450
849601556
849990689
851035823
851251289
851639465
851816121
852538320
852837607
853993175
854094661
854198178
854441056
854510995
854662895
855234278
856409516
856438171
857055596
857077207
858590602
859458589
860167788
860551005
861178889
863041433
863042803
863811813
864275089
864598407
864698891
865682175
867368745
868375265
868674336
869905149
870167124
870623908
870662554
871307408
871310940
871410187
871980523
872874914
873477121
875195388
875307204
875338240
876969934
877126097
877784080
878436679
878567214
878756056
879211458
880472216
881305207
881406388
881471599
881707533
882030433
882753559
882941191
883380277
883487219
884534292
885460246
885734254
886291247
887871049
888236691
889136326
889411091
889865413
890562619
890798615
890838970
890886333
891173884
892009541
892160352
892237422
892330483
892749974
892770027
893140799
894822086
895082731
895195775
895213058
895831299
896522423
897493024
898596864
898771170
898987233
899288525
899613089
899753037
899978742
900994188
901131769
902190153
902232209
902359068
902391147
902407152
902603816
903258187
904736130
905112606
905153131
906527113
907689987
908390217
908874682
909287740
909509640
909691452
911198032
912302713
912422234
913087814
914100738
914546630
914843399
915002270
915136422
915263174
915348514
916816392
917317799
918305874
918645911
918878152
918927240
919348803
920318928
922467060
922737098
923429952
924069903
924958502
925569132
925599044
925824049
927537446
927926841
928161907
928597104
929010209
929109007
929311874
929780654
930109036
930369507
931149326
932029086
932092602
932892998
933550508
933880868
934194182
934263392
934316637
935178048
935374842
935420610
935608979
936191300
937121661
937191905
937998559
939181163
939187370
939218230
939918956
940001519
940581619
940832792
941183028
941310295
941705404
942829685
943614746
943822508
944312012
944706300
944745057
945029663
945612494
945685152
946038958
946057356
947520910
947972372
948723158
949142828
949873647
949942817
950471945
951691257
951868393
952130133
952933881
953628003
954361959
954487715
954714281
955463958
955644959
955886333
956509543
958362916
959657784
960307604
960740544
960940966
961128437
961529203
961611859
961797736
961798661
962445477
963468202
963984670
964196145
964394384
964611263
964683710
966242833
966761070
967603225
968151537
968747419
969584636
969845687
970726580
970733007
971010996
971682501
972396396
973952346
974962460
975128412
975327861
976194814
976584796
976868339
977150203
977628171
977797928
977845413
978206937
978938862
979256346
979352465
981466280
981771420
982225134
983045215
983146444
983293769
983629085
983826501
983902564
984137630
984181429
984531112
984860271
986540716
986805467
986905767
987603346
987762429
987991880
988123220
988947936
989821988
990151989
990585574
991568915
992531846
993640843
993933996
994162324
994327967
994443491
994574158
994963867
995511413
995572274
996077092
996156091
996398589
996605502
996901646
997024576
999423534
999617345
1000362605
1001214343
1002203817
1002539167
1003326709
1003428582
1003910240
1004275011
1004611829
1005686272
1006250887
1006360997
1006557295
1007291410
1007378231
1009062285
1009084114
1009100489
1009250726
1009351494
1009973122
1010004731
1012014799
1012014894
1012070258
1012122543
1012304775
1013563761
1014862883
1015004156
1015536375
1015668516
1016147900
1016469157
1017119444
1018393481
1018661763
1018684478
1018770269
1019362530
1019376902
1019448533
1020075368
1020310836
1020911635
1021416881
1022030967
1023028395
1023166893
1024501972
1024904378
1024910338
1025848308
1027174801
1027189120
1027247663
1027810679
1027952410
1028044177
1028862976
1029245750
1030228946
1030707745
1031030809
1031884634
1032843343
1033176957
1034354794
1034563376
1034736253
1035370586
1035871994
1036059230
1036315872
1036887062
1037809849
1038091124
1038163722
1038315775
1038438795
1039341393
1039560307
1039626338
1040674901
1041172644
1041685120
1041851527
1042140454
1042832232
1043781432
1043907498
1044210312
1044684795
1045637310
1045806299
1046259135
1046871322
1047344946
1048743706
1049076883
1049642162
1049778847
1049783334
1050222954
1050468352
1050746298
1050941410
1051077973
1052723631
1053178495
1053981464
1054346581
1054610356
1055334163
1056394325
1057323436
1057642980
1057936043
1058134977
1058676846
1058731085
1058897500
1059163225
1059367912
1059379433
1059683516
1059928767
1060293450
1060518751
1060627432
1060987259
1061012120
1061196951
1061415881
1061458142
1062330267
1062337090
1062650959
1064305256
1064806474
1065428334
1065498226
1065608624
1065613749
1065701204
1068657091
1069384939
1069771315
1069901340
1071102753
1072059642
1072543205
1072880947
1073372670
1073437632
1074836063
1076089196
1076105115
1076446256
1076538016
1076586194
1076593980
1076906137
1077175244
1077187284
1077270039
1078075743
1078418021
1079000599
1079411846
1079792184
1079899735
1080967592
1081034768
1082390871
1082769920
1083054587
1083637975
1083848156
1084936240
1085053578
1086635126
1086842417
1086881778
1087618691
1087788199
1089580439
1089973789
1090453704
1090698449
1090910436
1093317602
1093579847
1094226466
1094544142
1095108003
1095698810
1096493062
1096616453
1098487522
1098593775
1098847973
1099465223
1100864560
1100975655
1101248994
1101317152
1101808721
1102057365
1102447131
1102771565
1103277697
1104140917
1104231514
1105524463
1106445199
1106581063
1107446893
1107763886
1107906454
1108486000
1108924978
1109140077
1109591942
1109660596
1109933593
1111111423
1113483723
1114161588
1114375191
1114632698
1115476483
1115904213
1117383997
1117977627
1118188602
1118264931
1118288702
1118480917
1118780507
1119866321
1121009071
1121792556
1121914323
1122785371
1122797761
1123005411
1123896771
1124182187
1124373714
1125089461
1125185173
1125948954
1127730077
1127925324
1128575315
1129672718
1129789818
1130067884
1130743333
1132672564
1133552636
1133912941
1133931536
1134221458
1135171441
1135808552
1136751418
1136981318
1137897462
1138054616
1138132860
1138536539
1138583568
1138951362
1139419344
1139482980
1139906402
1141138456
1141452251
1141907591
1142133927
1142226371
1142244432
1142532907
1142617797
1143628077
1144477590
1144567954
1145607854
1145780408
1146827354
1146835904
1147424788
1148796426
1149933868
1149944858
1150559996
1150841527
1151551519
1151595663
1151828644
1152198690
1152990480
1153927123
1154160077
1154189125
1154489717
1155195280
1155437801
1155871310
1156329016
1156358753
1156554924
1157890942
1157955221
1158032731
1158523070
1158652320
1158683495
1159503926
1159798000
1160449588
1161521118
1161616989
1161764355
1161995682
1162343627
1163198504
1163354794
1163372884
1163813086
1163864357
1164348247
1164538980
1165459211
1166107065
1168063596
1168345821
1169452465
1170302326
1170367237
1170674515
1171161916
1171596125
1172428196
1173018415
1173027628
1173847643
1174015105
1174123408
1174629558
1175409186
1175897393
1176509682
1177068862
1177602967
1177858978
1178332477
1181342066
1181555624
1181976970
1182965740
1183637372
1184129694
1184698901
1187779907
1188554831
1188566637
1189006603
1190309972
1191570715
1192195030
1192247586
1194663094
1195157161
1195384173
1196131781
1197099218
1197360391
1198006102
1198919937
1199403560
1201567308
1203072956
1203284763
1203289063
1203411614
1204076668
1206529199
1208241933
1209174605
1210901126
1211021207
1211242503
1211342614
1211863893
1212841283
1212894707
1213166088
1213957349
1214104354
1215248613
1215518144
1215627207
1216257634
1216741264
1216755454
1216864194
1216987416
1217797867
1218512438
1219865315
1220863255
1220942365
1221039631
1221608889
1222531944
1224105240
1224446273
1224875938
1225091641
1225462520
1225908488
1226335133
1228059114
1228145325
1228447176
1228484727
1229306903
1230180599
1230306866
1231236136
1232047430
1232355331
1232922269
1233356008
1233399498
1234705709
1234849232
1235460581
1235824984
1236224679
1236248303
1236411792
1236902603
1237022695
1237594340
1237779219
1237842342
1238578497
1239753336
1241639637
1241751644
1242495296
1246199194
1247161206
1248563050
1249262569
1249576334
1250137514
1250485845
1251510858
1252153017
1253169071
1253671322
1253731542
1254396541
1254730100
1254735505
1254939321
1254946788
1256354650
1257116684
1257184326
1258956983
1259372122
1259410941
1259817497
1260819299
1262018679
1263052544
1263201526
1263267046
1263401481
1265053455
1265899028
1266597660
1267532798
1268087096
1268652196
1268667804
1268965901
1269314220
1269643704
1269787890
1270742870
1271353074
1271814250
1272057966
1272120797
1272293907
1273964407
1274014249
1274351211
1274718051
1274933415
1276035057
1276611634
1276840932
1277161482
1277283716
1277521846
1277862020
1278233139
1279664561
1282609289
1283038036
1284228107
1284834196
1285073752
1285650408
1287105155
1288378994
1290626187
1291294066
1292340155
1292593437
1293268764
1293294277
1293332577
1293468069
1294489777
1294775716
1295037701
1295257053
1295782858
1295967539
1295997539
1296006177
1296464950
1296470481
1298587689
1299069516
1300182902
1301946671
1302069973
1302260486
1302653344
1303354668
1303501368
1303768393
1304690643
1304803375
1305002150
1306114353
1306172291
1306523357
1306554440
1307266139
1307873056
1308676861
1308768398
1309328944
1310500767
1311739740
1311772710
1314374106
1315174297
1316643615
1317330004
1319948642
1319996353
1320577028
1322385960
1325357298
1326417957
1326533840
1328165712
1328656375
1329206059
1330011337
1330344669
1331001484
1331011055
1331166617
1331349803
1331957569
1331971653
1332363244
1333302067
1334232044
1334555534
1334854736
1335197244
1337304378
1337449367
1337694744
1338462660
1339692073
1339837707
1339848635
1340347561
1340965106
1342090086
1342180428
1342424835
1342833263
1343283767
1343728572
1344296987
1344549674
1344598346
1345190897
1345669766
1345744960
1345768648
1346118440
1346384923
1346683620
1347959953
1348300803
1348414174
1349253651
1349261841
1349368961
1349549815
1350615613
1350868850
1351282811
1351384153
1351388986
1351605173
1352513103
1352888893
1353600698
1353915470
1355320145
1356348150
1356666362
1357559523
1359000446
1359923481
1359979669
1360380969
1360684076
1361625282
1361837201
1361977929
1362098650
1362121304
1362149084
1362263148
1362420369
1364554263
1364717547
1364925427
1365931246
1365977477
1367318080
1368525092
1369948537
1369961955
1370542851
1371222278
1371938261
1372466075
1372887230
1374343777
1374417661
1374625739
1374946170
1375399657
1375570153
1375673129
1376541597
1377993980
1378676930
1379573501
1379847815
1380678368
1381264738
1381461791
1383374822
1383415534
1383714028
1383770520
1383860663
1383922159
1384084872
1384292448
1384438392
1384471514
1384727070
1384834978
1384897167
1385020965
1385084476
1385296428
1385549268
1388218654
1388585452
1389001109
1389036464
1389048278
1389889486
1391763181
1391802480
1392957760
1393419712
1393568916
1394373532
1394994644
1395710473
1396287322
1397704769
1398282473
1399162804
1400332736
1400417748
1400530422
1400878237
1402218860
1403278956
1403708736
1403847508
1404416363
1405179943
1405850635
1406980894
1408216684
1409649676
1410806278
1410950188
1411079208
1411505664
1411606918
1412180507
1412885533
1413937621
1414817322
1415288848
1415362891
1416266007
1417783328
1418277416
1418523118
1419432626
1419541977
1419715422
1419863104
1420065017
1420702697
1421035055
1421060922
1421503575
1422641550
1423168023
1423737058
1424376342
1424962234
1425455979
1425546620
1425806508
1425936174
1425956740
1426144711
1426991362
1430168069
1430399980
1431380414
1431763492
1432158506
1432494415
1432504898
1433139395
1433215250
1433419382
1433770802
1434285135
1434440139
1434567495
1434658454
1435153735
1436836816
1436844608
1436989606
1437104285
1438114105
1438146341
1438385551
1439382061
1440098601
1440098801
1440192849
1441301509
1443552030
1443609060
1443963132
1446898663
1446978029
1447170591
1447183477
1447550607
1449286678
1451660964
1452518668
1453308036
1453713396
1454085099
1454849764
1455820340
1456075533
1456122403
1456245523
1456288769
1456648223
1457393109
1457932654
1458009344
1458213091
1458847922
1459345497
1460815687
1461994636
1462369981
1462481622
1462534469
1463443451
1463473301
1463964318
1464500549
1464565130
1464693927
1465162468
1465728441
1467108386
1467472862
1467626724
1467804664
1467809505
1467962126
1468475110
1468970573
1469558607
1469591779
1469712085
1470134714
1470332244
1471007971
1472184421
1472719719
1473186768
1474245988
1474766045
1475036916
1475320302
1475852143
1476014500
1476218664
1476425771
1476457628
1477811813
1480118129
1480836104
1481570569
1481724547
1482425529
1483173780
1483312981
1483782574
1485068591
1485194449
1485708722
1485709808
1486000075
1486283746
1486626385
1486956694
1487708091
1487722548
1487859019
1488003620
1488379585
1488439298
1489127295
1489726672
1490590636
1490778466
1491214156
1492022285
1492461511
1493122618
1494113398
1494457916
1494841343
1494882655
1495583248
1496574262
1496752416
1496823024
1497675638
1498534619
1500133215
1502110933
1502702661
1503057380
1503392493
1503920415
1503935183
1504024114
1505028225
1505211939
1505433078
1505444856
1505535023
1505852026
1506615834
1507433119
1507600762
1508154256
1508947060
1510265832
1510608902
1511196727
1512330212
1513346311
1514167840
1514573403
1514641341
1514924423
1515165826
1516262166
1516445018
1517105038
1517517025
1517601264
1517966449
1518117158
1518468891
1518520847
1518822184
1520190364
1520328467
1520624081
1522126990
1522585497
1522998999
1523044357
1523827377
1524158672
1524417636
1524581418
1524754337
1526333904
1526703565
1526798850
1528599059
1528844210
1528924578
1529554334
1529627781
1530788167
1530901138
1533104152
1533495156
1533596606
1533918116
1534132123
1534659957
1534716754
1535287958
1535414207
1535674319
1536159234
1536454196
1537253548
1537327027
1538645964
1539927111
1539940831
1540412977
1540460725
1540937555
1540993455
1541191589
1541726123
1542162799
1542530041
1544202783
1544256593
1544696268
1544773430
1544927047
1545513087
1545797600
1546265149
1546527453
1547144215
1548099308
1548831400
1548872704
1549567034
1549789695
1549982254
1550531319
1551016505
1551398561
1552306496
1552650461
1552806203
1553437014
1553905380
1554086132
1554551432
1555624005
1556062554
1556213497
1556946880
1557638365
1558000541
1558028973
1558227306
1558309609
1559407469
1559910799
1559921895
1559946871
1560743160
1561007455
1561545777
1561583224
1561731362
1562021564
1562383420
1562902910
1563248410
1563265021
1563328689
1563930784
1564045351
1564831764
1565011345
1565187246
1565249340
1565842996
1566088871
1566409683
1567099244
1567566711
1568335263
1568635676
1569594579
1571632785
1571956069
1572049351
1572607148
1573171214
1573193822
1574295651
1574453959
1575152866
1575199226
1575430519
1576371917
1576792056
1577088624
1577195125
1577296015
1577383819
1577660112
1577973965
1578432231
1578658940
1579411573
1579707418
1580976872
1581446331
1581679344
1582448634
1583160234
1583200676
1583346196
1584238362
1584329097
1584683318
1584753890
1585274183
1585749611
1585794870
1586009533
1587568336
1587912194
1587982674
1590388792
1590519573
1591020032
1591824469
1591975507
1593464136
1593677195
1593931158
1594782611
1594812844
1595046509
1595152031
1595404692
1595801648
1596724300
1597353560
1597447771
1597831777
1600491259
1600886606
1600890240
1602740687
1604472460
1604500229
1605143624
1607201664
1607796908
1609027719
1609907509
1610470521
1610916496
1611327409
1612675630
1613679332
1613753232
1613972065
1614711501
1616110486
1616195186
1616442383
1616631261
1616777117
1616935192
1617763973
1618915712
1619499389
1619618561
1620007857
1620022450
1620030966
1620385594
1620705786
1621204290
1621994009
1623942037
1624134321
1624555566
1625182357
1625739238
1626760614
1627298200
1627390476
1628582461
1629465922
1629639976
1630224247
1631053970
1631805033
1632137340
1632260198
1632718750
1633029746
1633719585
1633951859
1635219278
1636535981
1636604327
1640344922
1641880082
1643080048
1643274901
1643673818
1643833247
1644528788
1644595587
1644941315
1645117628
1646300890
1647166845
1647168081
1647412238
1647569798
1648075222
1648964544
1649632894
1649659010
1650607233
1651130851
1651245299
1651484695
1651662712
1652214482
1652326413
1652694352
1653227110
1654101695
1654368205
1654490166
1654913611
1655096200
1655522576
1655742744
1655800414
1656646522
1656689267
1656885942
1657041475
1657793770
1657796364
1657841032
1658119580
1658417402
1658420656
1658601304
1658848309
1659019487
1659118652
1659539407
1661419172
1661966418
1663215780
1663252877
1663351431
1663466165
1663574314
1664322731
1664446521
1664515798
1665295522
1665634593
1665763443
1666919767
1667224930
1667552202
1668602406
1669137031
1669298526
1670810148
1670938803
1671148712
1672192310
1672457940
1672870299
1674196242
1675531110
1676289755
1676779642
1677030798
1678083573
1678309893
1678525347
1678546165
1679690124
1680147923
1681733133
1682090616
1683517154
1685558639
1685588109
1686662725
1687167471
1687417374
1687641088
1688009145
1688156768
1688239520
1688374067
1688387858
1689798372
1690673183
1692180774
1692603294
1692678871
1693345731
1693929101
1694258654
1695874070
1695893689
1696077348
1696424766
1697369807
1698521278
1699704281
1699819163
1700051947
1701298766
1701369357
1701566653
1701752526
1702187453
1702833795
1703151669
1704027782
1704553443
1704576101
1704849322
1704865914
1705137159
1705960470
1707620158
1708089301
1708547384
1708552314
1709851145
1711248981
1711923653
1712739551
1713018294
1713160648
1713191794
1713239759
1713660383
1714184062
1714348697
1715188598
1715715726
1715866463
1715888029
1716430877
1716512791
1716654794
1717440492
1718972367
1719124042
1720018582
1720639960
1720744160
1721101133
1721143235
1721888483
1722625511
1722633228
1724034071
1724336221
1725099412
1725359119
1726545219
1727878602
1728208942
1728367426
1730884489
1731174913
1731563788
1731813795
1732023233
1732441450
1733586252
1733976073
1734179530
1736420170
1738470257
1738685345
1739673383
1739689506
1739867776
1739870110
1740438658
1741125673
1741372525
1741397302
1741474353
1741867943
1742054258
1742233964
1742410638
1743649254
1744156935
1744592409
1745610235
1745985123
1746508502
1746651218
1747191775
1747841827
1748147501
1748541511
1748811788
1748909518
1749318208
1749841977
1750188331
1750258859
1750760257
1751131029
1751450849
1751652062
1752354454
1752497875
1752530802
1752824786
1752862130
1754522437
1755179900
1756232780
1756464355
1757196423
1757656390
1758107490
1758189555
1758414190
1758807833
1759183251
1759954318
1760682902
1760751788
1761208264
1761212823
1761895904
1761967434
1762120253
1762298679
1762650812
1762697875
1763316642
1763543345
1763985437
1764106393
1764443229
1764905314
1765599146
1765994171
1766145497
1766250738
1767010296
1767077066
1767721138
1767728335
1768135643
1768159357
1768381532
1768711808
1769465359
1769553388
1769629213
1771644766
1771715488
1772107541
1772652062
1772683297
1772753625
1773184598
1773550631
1776010771
1776429681
1778168386
1778943775
1779485611
1779710592
1780717345
1781083536
1781727943
1782772386
1784311009
1785001225
1785078748
1785309320
1785605784
1786454249
1786458402
1786901445
1789523746
1789620901
1791427384
1792709535
1792867693
1794789351
1795112232
1795421873
1796809282
1799633192
1800079449
1800276607
1800401835
1800620163
1801211633
1801237887
1801475757
1801485487
1801505696
1802160604
1802297844
1802335341
1802456088
1802644433
1803270098
1803648687
1803979547
1804072161
1804467111
1807439761
1807924055
1808071915
1808366200
1808528345
1808715159
1808808518
1809304541
1809365015
1809635538
1811292656
1811646863
1811663480
1811862863
1811889015
1811975716
1812231999
1812458428
1812642155
1812673858
1813025051
1813057301
1813145927
1814174168
1814685118
1814694381
1815198901
1815628584
1816278792
1816772928
1817492996
1817523690
1818211723
1818409963
1818763054
1818857255
1819267274
1819641477
1819784726
1819915008
1820802149
1821781591
1822027433
1822050057
1822516425
1822746812
1824328040
1824553178
1824979699
1825228897
1825647278
1825777956
1826004032
1826638772
1827055438
1828701389
1828760950
1829491253
1831883952
1832143211
1832270866
1832493089
1833206592
1833554582
1834567683
1834720119
1834761251
1836104022
1836752575
1837443595
1837513959
1838841419
1839270068
1839424985
1840042512
1841454426
1842780691
1843190960
1844589022
1846423061
1847033146
1847730221
1850101028
1850403884
1851091836
1852368873
1852461761
1852611814
1852729905
1852778110
1853042991
1853316471
1853549870
1853914607
1854163087
1854237343
1854296806
1854317753
1854607201
1854693654
1855022796
1855596883
1856341494
1856382240
1856448142
1856787516
1857077108
1857580268
1857700634
1858217635
1858220579
1858496036
1858681114
1858978338
1859281494
1860152758
1860628868
1860990845
1861163776
1861746442
1861785498
1861835182
1862940297
1864353378
1864679905
1865069499
1865728534
1866117225
1867278747
1867285601
1867568950
1868759633
1868929165
1869046241
1869239817
1870055711
1871076525
1871181451
1871198740
1872872944
1874034574
1874346753
1874394726
1874597404
1875476927
1875501785
1875950185
1876166062
1876679982
1876778753
1877252270
1877575736
1878202428
1878599525
1879889344
1880034490
1880148983
1880378836
1880445832
1880536313
1880728741
1881021652
1881839394
1882036054
1882332613
1882551707
1882822373
1883144061
1883288879
1883299051
1883939065
1884207284
1884391859
1884411388
1884627289
1885483923
1886296154
1886679439
1887544775
1887729302
1888578248
1888963831
1889203516
1889408665
1890706312
1890826180
1892126273
1893152847
1893301631
1893382701
1893693790
1894194413
1897451675
1898856532
1899344294
1899405324
1899534779
1899887550
1900270942
1900349173
1901406902
1901496295
1901623958
1901631895
1901747360
1901759464
1902438600
1902730873
1903462223
1903624068
1904691117
1904924694
1905047051
1905585642
1906383819
1906532720
1906709776
1906887625
1907120391
1908774690
1909578091
1909696421
1909725006
1909853403
1909906205
1910252710
1910405673
1911119892
1911655983
1912560834
1912897703
1914306013
1915863649
1917279926
1917483117
1917866021
1919134590
1919750290
1919751103
1922427176
1924503055
1924706750
1924805407
1924921502
1924930340
1925091307
1926636566
1926926048
1927058162
1927481458
1927575080
1928590529
1928962624
1929098114
1929357285
1930320030
1931391400
1931418367
1932519430
1932666418
1933454962
1934477498
1935008552
1935319042
1935434687
1938384989
1939248033
1939628997
1939630822
1939653628
1940548488
1940996015
1941143815
1941419571
1942125146
1942391904
1943093100
1944119226
1945909591
1946537281
1947741128
1948281437
1948377687
1948765832
1949227687
1950607129
1950936610
1952352583
1953629467
1953771153
1953855547
1955664669
1955723964
1956437756
1957008054
1957286224
1958253233
1959184359
1959408381
1959522393
1960258948
1960743117
1961300071
1961693762
1961780856
1962775402
1963123412
1963279404
1963556823
1963918345
1964067253
1964293833
1964974306
1965356591
1965906546
1966058703
1966119874
1967089763
1967410290
1968826436
1969890030
1970230845
1970352434
1970627951
1971434581
1971548926
1971588844
1972159130
1973382833
1975080130
1975736669
1975788168
1977901660
1978032338
1978090465
1979837519
1980731311
1980852843
1981359389
1981557146
1981849321
1981900314
1981903401
1982693761
1983019255
1984250315
1984285154
1985125997
1985411532
1985507628
1986036620
1986333350
1987502754
1988864665
1988923853
1989447281
1989659620
1990516433
1990711885
1990723145
1991265498
1991618000
1993030303
1993176481
1993412404
1993645633
1994686951
1994903890
1995562321
1995678909
1995900766
1996366415
1996925055
1997518484
1997595314
1997846703
1998481594
1998571172
1998692453
1998703914
1998710986
1999877749
2000537204
2000615656
2000748226
2001139363
2001689526
2002851561
2003723914
2004341597
2004393997
2005731010
2007221089
2007410582
2007459520
2007482913
2007937466
2009147780
2009174443
2009500647
2009554828
2011043316
2011848041
2012069847
2012641131
2013791772
2013819562
2013966485
2014983885
2014993024
2016040407
2016690017
2016845716
2017468315
2017789701
2018202695
2018530756
2020379397
2021162013
2021914374
2023759086
2025801228
2025866708
2028036974
2029347290
2029465799
2029902883
2030361462
2030837376
2032784151
2033585032
2034391110
2037749584
2038041998
2038129816
2038799800
2039815660
2040201086
2040358219
2040570349
2040609802
2040781981
2041536185
2041589785
2041608303
2041692762
2041810491
2042588157
2042985269
2044354962
2044467752
2046435212
2046458957
2046984940
2047787720
2049492418
2049792806
2050185464
2050252377
2051953349
2052109635
2052898329
2053272405
2053628295
2054042392
2054153849
2054628514
2054848554
2056958033
2058393297
2058657701
2058704731
2059604875
2059787699
2060046121
2060577829
2061620672
2061753338
2061764992
2061883561
2062455818
2062843651
2063098207
2063595224
2064158114
2064577724
2065373886
2065753571
2066162003
2066193971
2066509170
2066754773
2067625640
2068315021
2069427141
2070013935
2071085272
2071713253
2072016976
2074326055
2076057191
2076896494
2077067809
2077480436
2078555759
2079317534
2079507705
2080117555
2080328055
2080387345
2080634074
2080724911
2080772060
2081418103
2081897894
2082153066
2082841595
2083778772
2083965297
2084033857
2084267669
2085193154
2085440562
2085736416
2086038322
2086164380
2086312212
2089347733
2089571583
2089613801
2090697638
2090806140
2091978296
2093680582
2093699756
2093943814
2095351686
2095647795
2095981592
2096482089
2096797414
2097280638
2097657676
2098637189
2098896908
2099619864
2101369754
2103222729
2104130843
2104337886
2104827737
2105472360
2106693989
2107928235
2108910467
2109161944
2109857617
2110227266
2110475416
2111152180
2113038506
2113555719
2114739281
2115213325
2115935824
2117987729
2119041740
2119232351
2120090601
2120705372
2121406194
2121655056
2122115831
2122575157
2122896049
2123777459
2124814301
2125669094
2126012487
2126790156
2128238515
2128746498
2129037431
2129127224
2129271921
2129470218
2129527514
2129541318
2130696865
2131463344
2134331597
2135498217
2135737800
2135904005
2136669377
2136958388
2137103479
2137254871
2137405435
2138444874
2138817023
2139880454
2141065858
2142978445
2143619775
2144812142
2144813116
2145160298
2145478243
2145797514
2146790601
2146837563
2147462829
