2346781
3760929
3835955
3892312
4302035
4476642
6715286
7161719
7419980
7755271
9532237
9539987
9820769
10528985
12899231
13102594
13583331
15707087
16524918
16547794
16551383
17480923
19163388
19838282
20255053
20427817
20433091
21251846
21556737
21783207
21818973
23307911
23806604
25124366
26238099
26732686
26911896
28343555
29572614
30912759
31245307
31493995
32269279
32623874
32656486
33052811
33361385
33657513
34077234
34160498
34168973
34354407
34529399
34646345
35028805
35379440
35845665
35936214
35945135
36289291
36762791
36994547
38087689
38299787
39343285
39385085
40329401
40532029
40941899
41094409
41569126
41718905
41851832
42450733
42585630
43233978
44291641
44300691
44797079
45491070
45597690
45728511
46087360
46263830
46545913
46849979
46903803
47972000
48697170
48733853
48924607
49054148
49150915
49479107
49548724
49555375
50588382
51243274
51269657
52078278
52447003
52702041
53381650
55382192
56352179
57252907
57431903
57475633
58241512
58350869
58916072
59611503
59995051
60134861
60165876
60651127
61661207
62435359
63077960
63784273
64785082
64897243
65177894
65337484
66431059
66455386
68320383
68465219
69229192
69624731
69936297
70369122
70396907
70434017
70742829
70839350
72013550
72613271
72614934
73130449
73812197
74406141
75749917
75922925
76180635
78218880
79075615
80792303
80804034
80930514
81337714
82374321
82862272
84009368
84429958
84581917
85083655
85531572
85538256
86156708
86322623
86333610
86528415
86689835
87147602
87148701
87531417
87710871
87975934
88470372
88496439
88590916
89337729
89682797
89703947
90518097
90629497
91262593
92623510
92960742
93439253
93618977
95784248
95927461
96227008
96483248
96653348
97133886
97584797
97609664
97640902
98149700
98816416
98882710
99253910
99791450
100114718
101459865
101496950
101835426
101972760
102040811
102467109
102950141
103837200
103945767
104869874
105041881
105380862
106043735
108077566
108214613
108272790
108538716
108933253
109053437
110556964
111666001
111769000
111920784
112635099
112893381
113508696
113710067
114642984
115807183
116800947
117438992
117731295
118266659
118439848
119644173
121280762
121309199
121378723
121946257
122066170
122360520
122797943
123268717
123958740
124302869
124550147
124888410
125971650
126358682
128389551
128584829
128905263
129029795
129413637
129731660
130075673
130155596
130680417
131699166
132096851
132522755
133027198
133264952
133332354
134436670
135312774
135349849
135801059
135940120
136580138
136908230
137241605
138395136
138468123
138723141
139163375
140194437
140862097
142001550
143006309
143384351
143756032
143861149
143944358
144925056
145235668
145567934
145614513
146475271
147816508
148526529
149025039
150856800
150984464
151144288
151431766
152346916
152821622
153042964
153051959
154298898
154511214
155332991
156355277
156558254
156814404
157271254
158221714
160323249
161188690
161538269
162593485
162802677
163281334
163290797
163857856
163903111
164342590
164710078
164812308
165385500
165446565
165647812
166281992
166990768
167036439
167240618
167272127
167822034
167923382
168162191
168619525
169277558
169319702
169627108
169656903
169817333
169894845
170895239
171163862
171495997
172293209
172570596
172600305
172805997
173624725
173820669
175065588
175168414
175706141
175905771
176036661
176651437
177210626
177486085
177577664
177579018
178458739
180447768
180706648
181134985
182222819
182860889
183140695
183198956
183322924
183424382
183683868
183916036
185053380
185816024
186159189
186434387
186944096
187549235
187823343
188685959
188697871
189145135
189556749
189601170
190119903
190142955
190697585
190773903
190922813
193143694
193188622
193200518
193432406
194173499
195254334
195303166
195384550
196052992
196572699
196938788
197995079
198238362
198522028
198625456
198681095
199780247
200336661
200614185
201491447
202007942
202092355
202415909
202715879
202725471
203384142
203432468
204675411
205018339
205064779
205813973
205880313
205939827
206630910
207774206
207957372
208031354
208374477
209047415
210524117
211272774
211379079
212775266
212871979
212933222
213511671
214214990
215019650
215767845
217353338
217574732
218109694
218621154
219919439
220507199
220749018
221036390
221400032
221430214
221864145
222293784
222546763
223083532
223218011
223359444
223494155
223945283
224626901
225273858
225398534
227322546
228657309
229852767
229996324
230119937
231057188
231474415
231738823
232588659
233002064
236981389
238937395
239366094
239854752
240211068
240255787
241439864
242195690
242630502
244150678
244766876
246250041
248106095
248934652
249345749
250524391
250679479
251488656
252230075
253229112
253467955
254820883
255294538
255763119
256222351
256327628
256449716
258165694
258827262
259498001
260260793
260689713
260737023
260819908
260957296
262142788
262320614
262879341
264014663
264288260
265344664
265388938
265587764
266661224
267357473
267903377
268309091
268591833
269873201
270216541
271299696
273520858
274339786
274517726
275109428
275144380
275793190
276636312
277197938
277390854
277676530
277903154
278100715
278385720
278563878
279097981
279958093
279967219
280261393
280473056
280814455
281473286
282056343
283676290
284240346
285148040
285396970
286022638
286158831
286704154
287237003
287254111
288020362
288979438
289360587
289420875
290791167
291891236
292166592
292629289
292818262
292883635
292904159
293237401
293363802
293590090
293982005
294349020
294515518
294702044
294895842
295374125
296574033
296695142
296932726
297814356
297908255
298390255
298666121
299028165
299052955
299147676
299411022
299520550
299942171
300101129
301650311
302331965
303512174
303526906
305826461
306882210
306966939
307537845
307787043
307845276
308156687
309162001
309490987
310032782
310911774
311229948
312145184
312404929
312734090
312854352
312953396
313603431
314250826
314742241
315119560
315171220
315449945
315545886
316472637
316615095
317906955
320173971
320400522
320403230
320641240
320683271
320804220
321385776
322633398
322855572
323333846
323930557
325218139
325922703
326747329
327768014
328340238
328997978
329304930
329815587
330180092
330265109
330479888
331232417
331324895
331424526
331465988
332350359
333385884
333413665
333555075
333711583
335095854
335767174
336607842
337061053
338241245
338550340
339351308
339367407
339506147
340554109
340955871
341011114
341628426
342978773
343070619
343562284
343742154
343745055
343876758
344198285
344782019
345440558
347208806
347274690
347419364
347698784
348820529
348992292
349394371
349603032
349995456
350274086
350313721
350316281
351229299
351370200
351392373
351407013
351479792
351635641
352416939
353191773
353216595
353367388
353515642
353897903
354858573
355025659
355057211
355251664
355648414
357331272
357895357
358766650
358972352
359339895
359573663
359897470
360005178
360772349
361114750
361538251
361744081
361819874
361898487
362005273
362291749
362854917
364105351
365122808
365160214
366010939
366234152
366460669
366986952
367204897
367539960
367610572
368134141
368621610
369183744
369250396
369624705
369693376
369853133
370413849
370461324
370659594
370795000
370868716
370973760
371252610
372419010
372867547
373037118
374298897
374462811
376610005
376953089
379477917
379573882
379754309
380557677
381326519
381444403
381564696
381564727
382276647
382463300
383042342
383105396
384744292
384783843
385578416
385870300
386235030
386320709
386368944
387113414
389480944
389768225
389852656
389921743
391108170
391154133
392168113
392234356
393402050
394001304
394251862
395170002
395509905
396080591
397036400
397759436
397938286
398664932
399125352
399849130
400028795
400381170
400467853
400630708
401550679
402733226
403973200
404276391
404981032
405200910
405436715
407067195
407411080
407700249
408121142
408719248
408831397
409598711
410566604
410593383
410664806
410865263
410883189
411029837
412741750
413280008
413327506
413793969
414426972
415902516
416070015
416793389
416881129
417174853
417191749
418250367
419214877
419222356
419505463
420342648
420478450
420584789
420788241
421231979
421345696
423106597
425301675
425475256
425760073
425851635
426738619
427071329
427856024
428092035
428094980
428194989
428290699
428896359
429102759
429329043
429403081
430321281
431021201
432218648
432744939
433083382
433186203
433241879
433304064
433458062
433697421
433803087
436836733
437099770
437789611
437825741
437971371
438039516
438404374
438442811
438887330
439335286
439557886
439954037
439963895
440726719
441437834
443161915
443761330
444998088
445565880
445871609
446021873
446046833
446894183
446919087
447530891
447608309
449036539
449226111
449900759
450103160
450175413
451019247
451703732
451835560
452039044
452286730
453597724
453906193
453982461
455508558
455563725
455616747
456474186
456874262
457155643
457291319
457425697
457489640
457994771
458283499
458552680
459263775
459375391
459441244
461840779
463262413
463592654
464185853
464574840
466545191
466684117
466940368
467428346
468018677
468030547
468086479
468877908
469593316
469778642
469828807
471534428
471791103
472125012
472166153
473451671
473684263
474342154
474560291
474883698
475657354
475795203
476320820
476473309
477226696
477302111
477378663
478043052
478218045
478865004
479012172
479915167
482008619
482368641
482599420
483517151
483537487
483659254
483910918
483980277
484634274
485308177
485339634
485909587
486011477
486688720
487362228
487771408
487938973
488296602
489213289
490806133
491249827
491288067
491412289
491453954
491781038
493294128
493901899
494508011
494717048
495012885
495215573
495521233
495942543
496211266
496539940
496631398
497040682
497072699
498454209
498989943
499429935
499441867
499918902
500715212
501258616
502371292
502439074
502724330
503087465
503300583
503354321
503883070
504328889
505958310
506390848
507843879
508608054
508694781
511353630
512557435
513088753
515877202
516058055
516458522
516878964
516985664
517067217
517204103
517825200
518963304
520524956
521077338
521533021
521972573
522449958
522530848
523013593
523075126
523217359
524172843
524764647
525202825
526262108
526680052
527199672
528160445
528495938
529347867
529375254
530111595
530539981
530874207
531190181
531501112
531563902
531676004
532183300
532457623
532734182
532740304
532989379
533366973
533688946
534704741
534727849
535433193
536771560
536911550
537084697
537946038
538089356
539590824
539776809
540787565
540979904
541221851
541703685
542040764
542374518
542878963
543290634
543932072
544177516
544524486
544880902
545202028
545546407
545821202
545976861
546492095
546662412
547723868
548206976
548791235
549163422
550236426
550453119
550933223
551543953
552359211
552911248
554239165
554306527
554366927
555008168
555181378
555256211
555606352
555762977
555925404
556491756
556890002
557700683
557774726
557786103
558298066
559072481
559383364
560128969
561149990
561340526
561587806
561875402
561930272
562982306
563067663
563728516
564688855
564756158
565052523
565385624
568941744
568950131
569020877
569556685
570134493
570848722
570978162
572079572
572423623
572609232
573819285
574146598
574761158
574891334
576755694
576952520
577081350
578203114
578222787
578964924
579020538
579132719
579479116
581244891
581424755
582348800
582742980
584439186
584638756
585440543
585765709
586321115
586340924
586776012
587232969
587241579
587378641
587466532
588613702
589236793
589346532
589993742
590108403
590628671
591286077
591451093
593098451
593632361
594847057
594855245
595027683
595129514
595270954
595523592
595590942
595725678
596082031
596523053
597455358
597481882
597528793
597939706
598580866
599309216
599493308
601205523
601600756
603242261
603265719
603854798
604220484
604530960
604758649
604901674
604974553
604978806
605746726
605803980
606533927
606753688
606937663
607104676
607720586
607869824
607960177
608542679
610005144
610344617
612084775
612239512
612423560
613277524
613342057
613688478
614164118
614311847
614338184
616024019
619988072
620439145
620594354
621117362
621533856
621715784
622115764
623276017
624131742
624274081
624750510
624979648
625355522
626075484
626286319
628100833
628159419
628477891
628563072
629276755
629396997
629442079
629732185
632201543
632807821
633030077
634605895
635186559
635618738
635835315
636526129
636864962
637265134
637433883
637821351
638065857
638462365
639362212
639452437
640345409
642253183
642886828
643317223
644280250
644876176
645072598
645198230
645381179
645471450
645678392
645841602
645863746
646038583
646533551
647151951
647285080
649870644
650596205
651207595
651830355
652204057
652869927
653108911
653488290
653729500
654532431
654937684
655691945
655807634
657177033
657310533
657477738
658047135
658123631
658920719
659352607
659992944
660237656
661185369
662175405
662550261
662886068
663472090
664161285
664191853
665658062
665681084
666102766
666299780
666501641
666994619
667616094
667733196
667938825
668788404
669475278
669520498
669617001
669702233
669794578
669981455
670300665
671063022
672014674
672490389
672935813
674506982
674699934
675515960
675710550
675902332
676352268
676832931
679490607
680093498
681581781
681736544
682889642
683871357
685743268
687046366
690782707
691223548
691248163
691537610
691890710
692657478
693043111
693657339
693843765
695808470
696552755
697098530
697848400
697997061
698806844
698809672
698847013
699436031
699475776
699722896
700466217
701556230
701747127
701751864
702069033
702589071
703971555
704394317
705511215
705532672
705639610
707942573
707979830
708341909
709009067
709141657
709403527
709805653
709942141
710117368
710396510
710571699
710591813
711495372
711656640
711781180
711886830
712392014
712679797
712805653
714052778
714733728
715921975
716366623
716382108
716418171
717353820
717712361
718080659
718661022
719285139
719616745
719815878
721290342
721400484
722106988
722714969
723231530
723516951
723948442
724331754
724412563
724716154
724795975
725262166
725591607
726256095
727673996
727966674
728687102
728907897
728985799
730570258
730592506
731167729
731539680
731614835
732069480
732073338
733353447
733511986
733612257
734208579
734754149
735601699
736232677
736260531
736551111
736687877
736839076
737925645
738155805
738301277
738657154
739003022
739625672
739680332
739962345
740036808
740837903
742208394
742905735
743106735
744584169
745146037
746050403
748533100
748979045
749548555
749785116
750927334
750951209
750992841
752279212
753576704
754854868
754977545
755426952
756799536
758481962
759293074
759433090
759969087
760064498
760327252
760376903
760635492
762108835
762466397
763152297
763247293
763559493
763905423
764210929
764574521
765751914
765973343
766953462
767728494
767852477
769812316
770271749
774645995
774880605
775009800
775907511
776171178
776190335
776253731
776741560
778144799
778200526
778577119
779473181
779474316
780147881
780306308
780685161
780805429
781177242
781275205
783009082
783206593
783397952
783631550
783825599
784549568
784804030
785874749
786488051
786774323
787616628
790314533
790622709
793192871
793434394
793622111
794376518
797087003
797640855
798415721
798460604
799805494
800297120
800303340
800875033
801439355
801827792
802064629
802554717
802784624
803392816
803922816
805082940
805924660
806163686
807117698
807164626
808636899
809121940
809227282
810112250
810435907
810591130
811237721
811404877
812071268
813016522
813138906
813200942
813401976
813745353
814588808
815657451
816124284
817249070
817607119
817897798
818046104
818608663
819342061
820222033
820397359
821113695
821996450
822238672
822623357
823289891
824199657
824209230
824703022
825075333
825808734
826084906
826900996
826991095
827031499
827473395
827706336
830574125
830718814
830784850
831507602
831575965
833369602
833682049
834171754
834350959
835379187
836387893
837276702
837427825
838185680
838642247
840158682
841257545
841731532
843834410
844130112
844410576
845126044
845847891
846104540
846502783
846802105
847104173
847855780
848525983
848677365
849022185
849379240
849926698
851520565
851959337
853064100
853481970
853996837
854379067
854801021
854908494
855469427
855504681
855634206
855653963
855818367
856413159
856768379
856904496
857045339
857455078
857894039
858476909
859972689
862031401
862599388
863140648
863558408
863651471
866131395
866695479
866900284
867336735
867530516
868003479
868486530
868812657
868961216
870241770
871166302
872213335
872852256
873412100
875837868
875950748
876840977
876851080
877065394
877813650
877917800
878081314
878207583
878847925
879254220
879848785
880162648
880302904
881133140
881218109
881858273
882046331
882315865
883622310
884929831
885225608
885641299
885947247
886158648
887348383
888424359
888873961
889364104
889378809
889641619
890698245
890794101
890939903
893214638
893220103
893487531
893839057
894559349
894586692
895306372
896326567
896865945
896877098
897601347
897857188
898837323
899503458
899762621
900019262
900710502
901074439
901267119
901784148
902821390
902822753
903269116
903280367
903655905
904021615
904059973
904454914
904583627
904669023
905334439
905654290
906140244
907203723
907497712
907848184
908487280
908494354
910321918
910350231
910824858
911082611
911669790
912499089
913277089
913788141
914116369
914912029
915779691
916102416
917753445
918323988
919202628
919515249
919793061
920528379
920759024
920917697
921457886
921761603
924222384
924399568
925641179
926465264
927284750
927406208
927694034
928716650
929277866
929303459
929967841
930111124
931312624
931815879
932319587
933421397
933749683
934069388
935001395
935643742
936201200
936444404
936737823
936777221
937173805
937813956
939989198
940365171
941066562
941341617
941964955
942409585
942440320
943496749
944208667
946414669
946434043
946448138
946528179
946902024
947244021
947533854
947969915
948716678
949532946
951969748
952495885
952801413
952955038
953233437
953595766
955037313
955113010
955231774
955434538
955579183
956067452
956292953
956873629
957301726
957685246
959555961
959995498
960317909
961002918
962116971
962707291
964164631
964448288
964879138
964888677
964981611
966562996
967100882
967505260
968628860
969703758
970273769
970768060
971376668
972003561
972728892
973001204
974468146
974580334
975515488
975875839
976932212
977230751
977986892
978260514
978313439
978716538
978735840
978889180
979471033
980068614
981427927
981800113
981960709
982432831
982613759
982775704
983293488
983469598
983547885
983737028
983824539
983931419
984603377
984642301
984800135
985217631
986501930
986956064
987093298
987375019
988673196
989003977
989838684
990931028
991267101
991845744
992683092
992721956
992831275
994550410
996193626
996646363
997731828
998518476
998975172
1000353569
1001202056
1001673664
1001951282
1001974020
1002539060
1003029876
1004284822
1004532991
1004584887
1005302574
1006801300
1006966441
1007237476
1008037989
1008258375
1008457021
1008538016
1008953018
1010677921
1011190072
1011878964
1012378331
1012816213
1013430655
1013710377
1013956552
1014419347
1014530311
1015115662
1015144166
1015155683
1015959682
1016020581
1016048621
1016662133
1016789638
1017243061
1017260874
1017859060
1018053249
1018218989
1018814402
1019086757
1019128920
1019629872
1020957388
1021485752
1021788764
1022583618
1025505486
1026299511
1026490897
1027981727
1028388641
1028795491
1029307630
1029940619
1030071340
1030404291
1030484903
1030777008
1031801329
1031926137
1033637421
1033843156
1034141281
1035577258
1035800451
1036269345
1036680926
1037016787
1037176586
1037563869
1037793526
1037964340
1038335478
1041446620
1041965855
1042260001
1042952786
1043405602
1043550364
1044654988
1045038016
1045220566
1045516613
1046107058
1046801130
1046835053
1047227936
1047875869
1048271904
1048315810
1048550339
1048744668
1048899133
1049161227
1049369687
1050386498
1050397610
1051472343
1052484168
1052718500
1053915397
1054388655
1054840519
1055390748
1055695917
1055915519
1056095368
1056278217
1057170584
1057192953
1057338105
1057412198
1057724711
1058367042
1058726498
1060889659
1060902801
1061237503
1061355527
1061676590
1062140856
1062285803
1062683506
1063840503
1063982454
1064126014
1065316569
1066458582
1066654808
1068064843
1068486738
1068551447
1068750649
1069506539
1069545498
1069620286
1069702293
1070585301
1071158203
1072167180
1072517652
1073869331
1074145540
1075428061
1076039470
1077257907
1077915720
1078051947
1078364695
1078434897
1078614519
1078914231
1079853942
1079916042
1080184165
1080505027
1081257513
1081313565
1083769784
1083962839
1084005475
1084328066
1084860442
1085180258
1085250061
1085258970
1085586745
1085700267
1086084830
1087275792
1087340954
1087921102
1088437480
1088470322
1088680944
1090967056
1091052118
1091647811
1092078808
1092508748
1093100998
1094469669
1095005384
1097238665
1097759073
1097780791
1098505048
1099317082
1099325501
1099923357
1100558332
1100639541
1100730721
1101182363
1101393466
1101868951
1102352333
1102414240
1103728591
1104265390
1104583789
1104601868
1104618719
1104760444
1105402388
1106107788
1106762439
1107057834
1107781042
1107795020
1108066523
1108687442
1109086758
1109142878
1109194049
1109373709
1110012277
1110054421
1110085128
1110280000
1110794835
1111417359
1111572517
1111579866
1111826988
1112762168
1112792393
1112886412
1113154943
1113963854
1114005930
1114194859
1114222257
1115150734
1115229107
1115302932
1115458060
1115676432
1116074018
1116596416
1116721301
1116976857
1117159676
1117177025
1118128514
1118634851
1119299604
1119856539
1119955075
1121752732
1122007998
1122182228
1122651939
1123557807
1124838667
1125790417
1126787442
1127502726
1127737893
1128177455
1128789150
1129114572
1129197729
1129318370
1130208098
1130692257
1130889054
1131742479
1132209732
1132694705
1132710030
1133695885
1134852073
1135784292
1136603899
1137408080
1138063723
1138461070
1138970385
1140278187
1140593085
1140677548
1141919163
1143155192
1143259952
1143566690
1143573850
1143792311
1143996399
1144215814
1144288652
1144605411
1144908704
1145419992
1146387485
1146537146
1147010819
1148703571
1149157131
1149434070
1151360424
1151651364
1151806021
1151816773
1152463196
1152504598
1152561010
1153506356
1154121947
1155198145
1155577166
1155706969
1157542843
1157990235
1159863035
1160954766
1161169857
1162832975
1163189071
1164035770
1164431058
1164438524
1164631275
1164632135
1164794806
1165734103
1165990788
1166434695
1166438415
1166810921
1166950000
1167247576
1167858430
1168548377
1169252634
1169564770
1171062710
1171339678
1171374577
1172293087
1172539553
1172563534
1172762267
1172816063
1174200634
1176012805
1178080011
1178306769
1178596631
1178615956
1180453793
1180505105
1180737954
1181573160
1182090556
1182147081
1182818321
1183192389
1184893777
1185182229
1185472047
1185908543
1186278256
1186583836
1186776283
1187367883
1187638921
1188674956
1189822333
1189951204
1190125060
1190592576
1191638696
1191740411
1192756335
1193124274
1193259879
1193585723
1194426082
1194448741
1194885003
1195031939
1195326119
1195334226
1197825425
1198088235
1198820571
1199317228
1199588409
1200227073
1200330663
1200680671
1202329143
1202841380
1205679235
1206218815
1206266618
1206358106
1206410039
1206848783
1207535487
1207664867
1209333510
1209385774
1209471032
1209650457
1209871167
1211793610
1212425223
1213525083
1213710232
1214009297
1214142855
1214609359
1215043060
1215296480
1215412834
1216513944
1218314233
1218579924
1219483435
1220149340
1220315845
1220446868
1220828823
1222202025
1224123362
1224526827
1224588403
1224598072
1227294732
1227853332
1227975217
1228510659
1230382299
1231577522
1231814989
1231985949
1232759820
1234102416
1234326593
1234636960
1235620119
1235792504
1235802871
1236647653
1237126039
1237146986
1237552944
1237619981
1237738478
1238200856
1238764845
1239252305
1239483268
1242097547
1242187395
1242825257
1243831998
1244158754
1244645891
1245180594
1245484245
1246213451
1247137763
1247848183
1250534074
1250542902
1251358022
1252084501
1252190449
1252232376
1253771511
1253840218
1254027005
1254222515
1255241935
1255443772
1255545926
1256146365
1256414859
1257653617
1258381750
1258415705
1258694140
1259318680
1259610397
1259633515
1260114882
1261172023
1261283124
1261287682
1261431759
1261693708
1262072270
1262152021
1263283786
1264822261
1264883751
1265895197
1266439334
1267219815
1268762392
1269170295
1270324349
1271011293
1271253228
1271777178
1272235332
1272305117
1272467215
1272804208
1273018055
1274418477
1275334812
1275346050
1275676226
1276437610
1277035084
1278456915
1279786962
1279791244
1279890372
1280733713
1283662800
1283677069
1283951998
1284971224
1285138554
1285855869
1286171592
1286182200
1288105167
1288395083
1288690025
1289872670
1290011513
1290148689
1290704050
1291098210
1291336738
1291704440
1294972523
1296255299
1296901545
1297186144
1298058647
1298708303
1299386186
1300191506
1301069130
1301711483
1301995234
1302180605
1302300563
1302479680
1302701770
1303852928
1304346852
1305792585
1306070306
1306349586
1306383031
1306407442
1307412801
1307594470
1307650970
1307862178
1308338989
1309607695
1311453672
1311764476
1312158997
1313950773
1314002505
1314731344
1314805487
1315237417
1315373230
1315448600
1317550275
1318445050
1319045138
1319614169
1320126206
1320207421
1321345430
1321849041
1321954331
1323900016
1325502965
1325745821
1326173502
1326726725
1327672233
1328495233
1329080765
1329131161
1329428468
1329585934
1330986551
1331356870
1331404368
1331989423
1332477052
1333292719
1333362153
1334152308
1334529087
1334542677
1334817590
1334973113
1335087588
1335649723
1337084787
1337176492
1337266111
1337482837
1337508627
1338236507
1340946579
1341500284
1341762312
1342677214
1342749843
1343180916
1343256667
1343415053
1343649475
1345515089
1346115357
1347999427
1348037261
1348890693
1349001288
1349321770
1349795691
1350581444
1352334969
1352737506
1353548007
1353699083
1353706023
1354044322
1354231260
1354434727
1355565792
1355813297
1357627146
1357892900
1357926614
1358003931
1358331380
1358586332
1359138012
1359290714
1359775645
1360067607
1360211266
1360649427
1361423167
1361853136
1362480574
1362484851
1363282302
1363655951
1364310147
1364481713
1365917774
1365936050
1366517972
1367460361
1367823893
1367975105
1368477475
1368529975
1369191121
1369829737
1369851507
1370685514
1371006140
1372048760
1372333600
1372781698
1374878532
1375330915
1375417596
1375446893
1376910309
1377333470
1377666785
1377949199
1377950281
1379301513
1379709821
1379964905
1380399121
1380694582
1380813583
1380991793
1381270665
1381312544
1382674197
1382807084
1382833878
1383119788
1384166203
1384282393
1384642075
1385564289
1386544136
1386958940
1388063560
1388390256
1388914774
1390021249
1393210714
1394029142
1394264098
1394463779
1394586872
1394656311
1394691207
1394946597
1396116308
1396273474
1396745658
1398494330
1398885264
1399656061
1400180727
1401031009
1401831028
1402277932
1402602155
1403436672
1403574983
1403790728
1404848156
1405543714
1405560419
1405642724
1406331681
1406536428
1407739535
1407854378
1408353694
1408536303
1408663428
1409220282
1409678926
1410898889
1410969860
1411778560
1411810169
1413505162
1414114589
1414462567
1415443178
1416120012
1416250068
1416518769
1418457124
1419728870
1420407720
1420502202
1420654391
1421498768
1421521706
1421642671
1422290385
1422485652
1423995148
1424442851
1424670945
1425287454
1425645521
1425822643
1426076409
1427085721
1427317121
1427337112
1428448346
1428875631
1429403710
1429827058
1430093935
1430773381
1430900532
1430998090
1431857185
1432324814
1433057689
1433500868
1433712856
1435382922
1435424232
1436215139
1436284952
1436752699
1436994058
1437459817
1437618005
1439253192
1439649935
1440103325
1440427677
1444062886
1445050715
1445483024
1445729926
1446159100
1446925986
1447162676
1448369160
1448567620
1448811339
1448960990
1449044280
1449539293
1450046233
1450210956
1450730909
1451228280
1451251821
1451703543
1452447337
1452695829
1452724373
1452753356
1453600236
1453636654
1453687743
1454448148
1454671352
1454755619
1455104159
1455839104
1456287955
1456459076
1457440415
1457444987
1457514801
1458251806
1459342100
1459361105
1460263330
1460479624
1461131916
1462674213
1463079714
1464556166
1465614903
1465725779
1465804295
1465948433
1467327751
1468061888
1468186044
1468201187
1469050748
1469557288
1469956980
1470088984
1470214262
1471906351
1472238716
1473449168
1473692207
1474862344
1477232108
1477746485
1478067359
1478264132
1478268302
1478907910
1479405573
1481638684
1481691042
1481850713
1482349548
1483009390
1483139070
1483273558
1483335932
1484636895
1485007081
1485072168
1485166465
1485391329
1485940719
1485943922
1486018569
1487506155
1488236323
1488336998
1488484298
1488721032
1491417769
1492062060
1492627680
1493113264
1493234375
1493972627
1494182173
1494339145
1494347713
1496944610
1497382091
1497424104
1499439821
1500102186
1501483838
1501589368
1502375946
1502768773
1503394741
1504000169
1504186793
1505478075
1506422130
1506773055
1507008957
1507576334
1508340354
1508612502
1509136258
1512182937
1512567460
1512753882
1514232153
1514596194
1514647518
1515380212
1515648557
1516450103
1516615274
1516618051
1517503269
1518494241
1520573745
1520660888
1521112931
1521532060
1522661683
1522909407
1522998073
1523391405
1523526479
1523783472
1524234301
1524311250
1524619162
1524817270
1525260357
1525878813
1526437207
1527579489
1527854128
1527901409
1528459922
1529214021
1529500315
1529663127
1530036154
1530311443
1530683355
1531052806
1531918015
1532007244
1532216527
1532268349
1532301615
1532372067
1532502246
1532740725
1533505709
1533788034
1533868277
1534084302
1534445591
1535231813
1535429882
1535693776
1536184817
1536723970
1537077040
1537501783
1537551806
1538348227
1539034025
1539488601
1541147756
1541195377
1541577956
1541835383
1542207353
1543899676
1544118142
1544599351
1544614953
1545362925
1545398220
1545598775
1546578510
1546667002
1547016171
1547847307
1547895045
1547947596
1548457384
1549992846
1550050254
1550319425
1550945844
1551251245
1552195413
1552266526
1552566708
1554055726
1555454495
1556436969
1556500429
1556993449
1557366311
1557743442
1557870524
1559455958
1559596892
1560216512
1560929159
1561478735
1561529178
1561742109
1561788860
1562809654
1563351957
1563616884
1564274555
1564463135
1564661961
1566115809
1566289464
1566361800
1567086072
1567618702
1567787713
1568187733
1568653552
1568834690
1568987366
1569709231
1570917097
1571091954
1571384104
1571597394
1571875131
1573324470
1573466482
1573479160
1574004973
1574031183
1574497947
1574511516
1574604332
1574886555
1574916287
1575444409
1576821789
1577300464
1578610725
1579986729
1580333492
1580340722
1580471565
1582359571
1582610913
1582913663
1583067381
1584352875
1584680847
1585458789
1586209214
1586266020
1586406891
1586481261
1586500267
1586603092
1586702412
1586908164
1587494357
1588564778
1588808656
1589019466
1590234302
1590705367
1590712037
1590737791
1591210824
1592191319
1592783493
1592975240
1593061730
1593276384
1593444351
1593834320
1594319873
1594926449
1595555969
1595720016
1595864034
1595956161
1597233239
1597255285
1597549121
1598329556
1600329211
1601114666
1601348100
1602180772
1602286248
1602826067
1603315757
1603606562
1605162663
1606004146
1606557556
1606621772
1606682847
1607422769
1607729619
1607733914
1608221535
1608287879
1608830445
1609128763
1610170679
1610332695
1612023836
1613137292
1614470852
1615560187
1615723176
1615922943
1616322500
1616790988
1617572327
1618273037
1618377549
1618743603
1619031861
1619716475
1620052332
1620804987
1620805151
1620899087
1621835430
1624754318
1625042531
1626159732
1627032957
1627326333
1628054134
1628528186
1629515878
1629927862
1631942316
1631998535
1632009152
1632133158
1632161799
1632276639
1632281980
1632546488
1633526404
1633682824
1634645866
1635106276
1635681077
1636191335
1636820167
1637147443
1637246740
1637711245
1637900796
1638117581
1640528293
1640938349
1641903720
1642137549
1642142854
1643446615
1643469569
1643542859
1643596807
1643624168
1644163307
1644279215
1644674463
1645755905
1646687861
1646703406
1647262973
1649725182
1650521769
1650762744
1652357940
1652850423
1653171885
1653259764
1655250905
1655410513
1655497119
1655671384
1655924175
1657759629
1659012191
1659460874
1660206136
1660375216
1660763097
1661046659
1661505559
1661600222
1661989620
1662057927
1662435412
1663275257
1663371387
1664431782
1664784772
1664833465
1664851859
1665715050
1666828609
1668320650
1668683564
1668755965
1669248020
1670419420
1670644371
1671585363
1673362079
1674017982
1674242601
1674360244
1674862581
1674933278
1674994100
1675830895
1676857422
1677190108
1677681060
1678200997
1678596040
1678659001
1678686891
1679108425
1679137296
1679456831
1680106630
1681912485
1682122850
1682232798
1683614987
1684928564
1685231794
1685475154
1685990374
1688083095
1688210828
1689471546
1689517963
1689797090
1690667765
1690927619
1690998016
1691428280
1693418128
1693533052
1694166896
1694179251
1694193821
1694617185
1694678318
1694879911
1695599672
1696763541
1697361939
1697868838
1698077823
1698371626
1698434364
1698571230
1698634640
1699111078
1700788577
1702250877
1703272053
1703557877
1704149033
1704230314
1704409551
1704602542
1704890869
1704915666
1705798102
1706252174
1706966613
1707134530
1707691249
1708176113
1708693706
1708758709
1708800876
1709272501
1709414276
1709566622
1710597782
1711359081
1711378200
1713167234
1715164232
1715909438
1716401543
1716821106
1717262832
1718541502
1718887220
1719100955
1720370267
1721984030
1722753243
1723643862
1724599495
1724778359
1725293804
1725300569
1726342909
1726382482
1726529973
1727779890
1728184411
1728320158
1728836614
1728972829
1729398703
1729534409
1729692312
1730679704
1731675942
1731763288
1732019476
1732418924
1732988537
1733330439
1733792468
1735305919
1735309388
1735588827
1735672816
1736107566
1736469017
1736583113
1736584910
1736856326
1736955160
1737616170
1737825733
1738124438
1738688751
1738964744
1739650824
1740296591
1740432416
1741429897
1741462432
1744000946
1744349246
1744781400
1744832114
1745264249
1745927611
1746560976
1747233898
1747302788
1747615211
1748414973
1749040513
1749305898
1750093798
1750537006
1751212096
1751404512
1752910458
1753567300
1753695401
1753973252
1754212590
1754468574
1756756509
1757705164
1758620287
1759003782
1759891358
1762217613
1762326392
1763146665
1763538642
1763831113
1764382149
1765328979
1765724364
1766242595
1766418061
1766611494
1767591217
1768517924
1768543514
1768791638
1769523690
1769635654
1769902033
1770036897
1770661494
1770719183
1774237596
1774304444
1774654677
1774984666
1775395434
1775888568
1776056135
1776437555
1776633427
1776758529
1777608537
1778770478
1779293004
1779740460
1780270266
1780748873
1780917155
1780961506
1781017020
1781107443
1783004640
1784572043
1784866921
1785704770
1786983155
1787132880
1787938564
1787951038
1788457768
1789647748
1791117049
1791979893
1792034110
1792798295
1792950847
1795323715
1795366514
1796807759
1797021614
1797968773
1798282295
1798518301
1799012465
1799133200
1799513581
1799987874
1800135591
1803629155
1803786739
1804348798
1807341859
1807926638
1808523986
1808586841
1808937928
1809518933
1809783442
1809902508
1809915102
1811367312
1812385432
1812498057
1815121380
1815409993
1816174372
1816435788
1816671625
1818008100
1819214028
1819335440
1820304880
1820493882
1821782078
1822451523
1822677303
1822893560
1824854386
1825199837
1825786412
1826136246
1826928054
1827216204
1827466600
1827499251
1827659437
1828752219
1829418915
1830241530
1830805373
1832354047
1832554473
1832566316
1832955108
1833339575
1833429242
1833564885
1834228442
1834411880
1839249718
1839299163
1840337939
1841257016
1841453874
1841725111
1842668124
1843108082
1843568209
1844018924
1844577264
1844861873
1846705108
1850591734
1851695285
1851826150
1851828018
1852297813
1853440448
1854879241
1855097940
1856464193
1856582568
1856814393
1856858437
1857016584
1857054530
1857646187
1859067862
1859521268
1860085924
1860087939
1860472592
1860719955
1861247221
1862282788
1862608649
1863610811
1864552344
1865066484
1865397952
1865402282
1866175100
1866405868
1866550501
1866686531
1866935342
1868530864
1869795530
1870174347
1870700442
1870819873
1870937963
1871452741
1871750064
1872554107
1872579823
1873664605
1875489765
1875537397
1876353870
1876386091
1876552273
1876643131
1877259297
1877298606
1879189610
1879324225
1879422258
1880845144
1880858159
1881652279
1881703873
1881894101
1882997525
1883094176
1883146030
1883185994
1883611879
1883960057
1885706181
1886002725
1887187489
1889553075
1889629016
1890064518
1890067361
1890240686
1891070148
1891161766
1891254058
1891790548
1892329639
1892468802
1892498857
1892744292
1893200559
1893263148
1893827118
1894069408
1895379469
1896394026
1897036414
1897265012
1898002392
1898321124
1898409252
1898625137
1899519413
1899911522
1899970622
1900075042
1900418180
1901772819
1901865558
1904957310
1905694591
1905867782
1906450631
1906835326
1907311839
1908187927
1908643542
1908758328
1908917816
1908930674
1909419146
1909451509
1909458664
1910406822
1911309238
1913451437
1913546025
1913657805
1914120159
1914404070
1915637550
1916182081
1916185699
1917397262
1917472231
1917932441
1917995588
1918366835
1919088870
1919734197
1922182369
1922287542
1924464500
1924824121
1924956599
1926204139
1926233611
1926323212
1927448325
1928013955
1928065580
1928423998
1929660637
1929746330
1930417328
1930560258
1932156130
1933600705
1933765807
1934359857
1934524658
1934722480
1934893464
1935872161
1936402347
1937077565
1937257899
1937776649
1938523676
1939312565
1940604791
1941399847
1941427086
1941872895
1942029982
1942732668
1944213590
1944719142
1944894694
1946035627
1946131699
1947511668
1947675304
1948813450
1949396201
1949425409
1949982391
1949995486
1951543315
1952101760
1952241007
1954767809
1956528411
1959242868
1960001348
1960007594
1960182362
1960187089
1960193259
1960208714
1960281373
1961096624
1961113406
1961188432
1961221722
1961386420
1962500104
1963265543
1963423061
1964746251
1965011499
1965446985
1965589145
1966148352
1966424685
1966744220
1967685773
1968186911
1969809109
1970783638
1971293624
1972722809
1973258032
1973296917
1973728910
1974231417
1974236951
1974404366
1974793017
1975254325
1975263791
1976974019
1977177477
1978336019
1979230283
1979284872
1979714371
1980350257
1980965440
1981157294
1981410280
1981508434
1981593279
1982643558
1982855340
1983018524
1983324451
1983948967
1984556068
1984626628
1984636728
1985078909
1985371187
1985479980
1985719486
1985768767
1986347080
1986390973
1987001396
1988241153
1988464411
1988499757
1989368430
1989450514
1989862621
1990385195
1990600956
1990693490
1990981776
1991279059
1993016025
1993272619
1993634122
1994568388
1995011271
1995984951
1996040979
1996227292
1996567074
1996580553
1996976328
1998084290
1998883752
1999429999
1999888760
1999915838
2000231671
2000708440
2000776494
2001016620
2001198546
2001385960
2002244404
2002316619
2003446461
2004662025
2004872244
2005527870
2006796323
2007226135
2007424184
2009042419
2009120829
2009278587
2009534765
2009987126
2010535547
2011458310
2012022194
2013079355
2013845819
2014475710
2016126405
2016639137
2016980740
2017868803
2018211721
2018284720
2019003265
2020492086
2020531986
2020612965
2020782429
2020877780
2021341306
2022287234
2022956516
2023288722
2023407795
2024257202
2024280349
2024480538
2024807923
2025266033
2025600297
2025733099
2025909915
2026390358
2026693787
2027533595
2029255808
2029765653
2030916420
2030949514
2031258357
2031420215
2031489138
2031680222
2033002696
2033916750
2034471715
2034524554
2034638541
2035025106
2035254246
2035370230
2035930827
2036800986
2037308754
2038640095
2039555847
2039652548
2040100630
2040276137
2040601313
2040702446
2041493841
2041755874
2041769490
2042702915
2043116478
2043692937
2044029286
2044611560
2045149127
2045484099
2045517593
2045931683
2046635064
2046725524
2047297230
2047312184
2047553791
2047574123
2047706593
2047711317
2048335484
2048661621
2049094397
2049765448
2049929982
2049945534
2050792838
2050871392
2051133654
2051378706
2051404845
2052752306
2053061325
2054544856
2055313153
2056794190
2057001418
2058315954
2058723071
2058895024
2059011910
2060138645
2060556243
2060999328
2062752352
2062863314
2063048398
2063618118
2063685440
2063785208
2063895830
2064870446
2064907555
2066132670
2067290590
2067655438
2067789182
2068356310
2068878152
2069215030
2069546939
2070747351
2070842853
2071644535
2072284440
2073238033
2073482704
2073550841
2073565265
2073676867
2074267849
2074823181
2074981889
2075100154
2075640785
2077324146
2077587341
2077849771
2078459439
2078640256
2079176163
2079215442
2079570078
2080306035
2082457104
2083078733
2083686399
2084474934
2085980685
2086004851
2086104391
2086730173
2088447512
2088881215
2089543000
2089851352
2090418056
2090584910
2091129904
2091998619
2092175363
2092699694
2094874217
2095054281
2095559710
2096506308
2096848001
2097449994
2097919366
2098245313
2098762076
2099497005
2099504700
2100096555
2100316867
2101176540
2101295181
2102522048
2102836702
2103076732
2103856853
2104055830
2104234063
2104295156
2104385221
2104903046
2105909581
2106360808
2107486852
2107595560
2107655437
2107885326
2107945300
2109465669
2109949044
2110425929
2110780199
2111303932
2111502867
2111695179
2112266325
2112699424
2113180319
2114224397
2114847020
2114900793
2114905206
2114919570
2115497620
2115523282
2116437112
2117161295
2117587263
2118061522
2118147578
2118456183
2119157054
2119382796
2120152079
2120378482
2120401097
2120696331
2120957737
2121451959
2122246699
2122298024
2122478473
2123826415
2125060093
2125467048
2125853543
2126448520
2126519555
2126531948
2126684702
2127563125
2128637130
2128927398
2129909763
2129965581
2130637531
2131131643
2131142152
2131696740
2132579526
2132693051
2132898811
2133625050
2133710499
2134222726
2134279662
2135190971
2135195352
2135567334
2136148804
2137115461
2139232104
2139441136
2140176909
2140258917
2140450839
2140494115
2141077063
2141665681
2141869067
2142131770
2142338009
2142987933
2143730297
2143736687
2143803346
2143882614
2143915672
2144330331
2144812535
2145029516
2145213518
2146891234
2147151513
