935546
1225830
1248139
2376703
2737873
3988447
4075155
4608972
4685151
5449578
5521846
5798234
5969286
6831092
6869133
7145221
7146203
9201148
9365440
9812814
10298942
11939844
12398340
12802362
13385043
13393546
15602800
15716967
17138904
17647015
18180924
18372588
18377165
18730291
19830064
20201955
20309904
20660028
20938540
21319302
21366139
21539465
23458292
24261122
24383805
24571796
25087048
25143836
25562781
25676695
27904022
27906944
28365487
28501432
28634670
29710701
30142163
30405957
30667849
30976421
32843282
33143831
33669501
34448030
35028287
35739404
36287539
36863781
37591314
37951310
37984414
38220463
39205840
39356893
39499266
40080357
40517150
41816096
42328309
42464308
43263856
43536747
43903754
44168723
44399999
44489081
44973967
45525050
45724533
45883394
46252021
46448229
46597230
46992928
48441572
48964737
49033663
50545135
50732500
51586935
52803189
53077483
53676422
53789740
56665963
56854350
57168920
57590439
57943335
58587065
59069288
59341908
59957158
60367452
60382092
60459957
60509410
60680689
61191166
61980421
62260288
62487720
62709245
62970251
63112383
63639062
64024988
64208216
65521099
65598618
66054279
67021920
67697180
68165914
68814108
69410342
69727287
72943265
73604195
73697888
73760795
74387325
74805513
75187597
75324956
75604300
75872173
75926066
76141628
76843863
76931393
77025039
77099362
78006469
78234588
78974259
79281846
79373304
79940916
80092575
80405913
80675346
81790977
82566743
83061182
85828531
86081152
86654773
87167160
87225508
88256358
88512427
89206345
89360861
89386266
89832484
89965280
90235060
91645563
91813330
92103266
94785851
94965083
95551161
96839766
97238036
97881638
100394039
100415212
100742322
100899242
102270561
102562995
103047268
103543205
103795490
104205143
104294957
105499869
106825484
108613183
109929855
109965092
110370780
110445357
110573052
111148148
111928848
111954704
112802059
113496105
113542087
114469109
114857389
115090320
115416071
116558881
116725623
117276843
117460452
117471598
118245951
119293990
119370562
119704389
120227294
120835554
120984070
121602523
122957505
123262819
123608771
123615387
123719995
123769658
123943400
123997187
126740641
128613806
129588102
131469505
131658918
132221519
132848332
133101849
133401836
135436457
135563547
136427234
136929007
137800535
138327396
140698143
140891032
141555821
142009722
142175334
142516848
143097454
143638209
145585490
145778275
145949344
146622745
147334988
147592960
147947927
148242243
148646179
148711613
149383243
149491051
149679777
149853528
150079458
150905432
150949248
151029220
151194482
151473733
152007320
152189403
152353735
152486299
152664949
152815696
154841790
155259627
155516725
155681525
155859202
156531438
156658377
156821978
158220584
158825748
160387299
160644039
160975567
161109328
161117576
161460825
161796121
162197092
162328859
163033598
163041102
164782603
165033192
166256333
169370123
169958972
170059072
170948817
172407960
172497718
172942307
174522939
174733253
175401622
175534533
175914432
175988552
176235818
177521383
177751462
177756843
178312574
179265890
179384061
180128165
180212514
181882717
181894921
182145948
183022135
184413350
184805175
186315361
186778876
186793529
188612207
189122696
189300728
191252963
191684118
191768636
191860569
192115280
192418241
193233119
193831551
194148775
195172141
195371279
196515180
196742103
198173939
198282461
198533917
198565951
198626490
198885922
201301003
201740891
201983060
202397105
202477836
202481434
202948067
203043782
203915297
204058853
204783510
204832305
205343594
205424606
205703553
206362012
207033256
207054730
207283901
208171326
208313072
208694788
210149703
210159165
210300510
211317994
211525243
211810943
212248478
213059909
213099513
213824163
215054199
215261052
215416220
215477077
215513005
216408157
216837603
217013765
217677858
217710129
219162824
219195844
220300643
223367413
223897323
225004400
226553728
226788183
227219343
227386676
227822803
228297731
228488505
229365120
229581026
230693352
232212733
233621813
234313255
234854988
234873394
235608885
235715788
236495380
236496963
237395455
238317297
239098773
239980845
240336200
240502281
240540037
240547084
242581870
242986928
243070344
245754235
245961355
246037027
246586206
247444520
248184153
249939224
250666853
250777074
251177345
251183477
251390014
252283004
252619971
252727045
252959802
253471861
254110769
254358171
254696399
255646678
256338399
256646769
256678435
256897471
257498136
257605517
257701459
259002900
259429776
259759946
260677515
261572407
262561687
262918608
264461664
264631204
264693280
265300267
265532248
266448375
266938136
269965492
270186357
272099309
272186363
272299902
272359195
272901911
273117947
273570054
273601820
276878523
277099617
277438674
277992335
278438059
278816954
280457075
281814408
282817460
283772863
283937344
284395273
284477698
285656275
285841056
285925617
286416706
286727077
287243193
287919167
288282250
289203017
290228845
291031139
291141810
291290635
291545191
293238790
294529897
294791125
294854038
295419502
295617684
295961231
298021931
298379917
298652363
299002660
300356419
300828627
301263580
302132747
303182649
303936858
304055361
304564595
305437599
306654007
306761181
307280395
308224691
309088244
309610612
310350550
310756533
312301377
312394726
313097356
313196411
313617846
313974662
314457762
314694162
318284487
318329408
319828930
321001336
321930080
322212893
322315057
323097649
323825468
323969407
325153620
325776766
327371318
328504389
329435873
329439218
329760001
331423087
331606102
331892273
332062041
332441048
334024210
334119589
334796597
335619120
335937204
336907539
336999914
337887522
338372300
338713648
338908628
339967211
340082433
340383652
341473144
341606332
342875109
343249630
344313096
347025893
347143884
347403040
347937741
348529939
348627848
349681166
349705848
349778078
350143650
351180515
351566096
351977483
352597349
354947297
355812768
356040717
356240561
357556011
357988631
358225660
358729297
359301434
359422108
359426748
360025011
360136103
360878929
362552227
363509241
363568556
364095803
364612690
365048225
365091568
365120477
365757541
365868663
366391328
366666525
367478107
367573693
368551804
368572278
369002285
369348214
369721050
369848288
370039184
370968595
372334249
373893601
374101350
374417381
374651320
374943552
375525456
377229821
378068426
379076560
379247923
380060183
380202547
380261918
380490665
381028980
381446062
381980266
382896178
383364328
384626165
384905667
385039113
385233110
385407147
385673893
386170622
386747847
388092900
388563086
388798817
389391118
390677995
392141528
392210604
392396863
392613179
393020841
393359377
393614140
395070135
395671309
396833364
396841804
397608490
398825296
399360466
400738196
401150693
401207512
401394077
401764864
402259088
403118273
404231382
404339379
404347143
404753852
404921927
405356260
405959439
406789063
406814810
407432953
409065194
409165668
409186432
409218673
409378252
409673133
409753665
410024881
410515423
411833341
412880468
413209638
414404252
415201236
415287074
415530411
415766070
417391192
418227064
419126143
420342140
421126968
422025656
422055660
422326344
423100282
423135014
423382861
425740079
425820278
426828204
427303165
427693055
428156456
428358824
428543283
429003932
429219541
429315151
430084353
431299203
431886185
433206169
433924036
433988767
434087038
435792979
436332546
437812892
439006424
439903022
440046196
440411010
440947133
441376816
441446102
441713491
442236165
442258696
443891343
443902285
444566158
444591274
445017829
445219011
445895614
447551539
448083648
448207573
448660481
450654689
450856223
450881830
450909494
451506083
451983159
452107449
453903141
454093444
454423803
454463872
454535603
456499865
456811467
456970748
458268969
458287178
458857851
459021756
459540604
460750036
461172311
461586424
461600996
461940064
462105848
462554374
464102077
464257867
464405426
464425548
465219453
465237073
465307303
465383388
465681553
466240804
467086324
467269942
467354070
467465005
467831400
467893367
467994322
468034965
468074053
468151649
468506054
469598255
470012793
470138375
470283609
472866562
473457125
473659889
474408165
474812131
476016268
476078869
476679883
476764920
477702569
477870213
478154079
478558870
478873902
479067143
479578178
479643507
480524992
480913196
481368554
481492197
481714162
481979759
482285465
483004285
483487502
483601292
483743659
484353595
484867963
485154883
486606215
486654613
487112089
487373179
487705550
488055312
488543433
488904938
489289506
490222686
490277817
490861152
491123563
491191677
491224596
491370859
491771955
492211939
493787290
494393594
496210156
496356378
496589372
498539926
499509866
499913326
500319527
500720166
500724605
501688121
501712131
502032044
502113116
504417089
505038673
505374137
505931569
505999330
507489121
508529216
508675326
508706396
508720907
509415413
509504311
510008400
511317242
511370438
511668837
512433880
512444220
513461078
513602205
515160380
515699809
515737914
515826054
515862739
517885331
518951583
519713396
520235774
520249390
520560270
520636362
522006804
522306583
522384044
523443974
523454691
523612044
523974357
525281902
525357493
526309235
527440116
528517282
529724423
529789556
530265100
530298846
530630356
530874363
531239979
531351805
531468948
532677017
532713703
533292065
533371714
533722709
533925742
534245686
534249002
535838766
536678574
537670049
537944723
537977300
538101782
538611463
538953015
539042148
539157182
539174453
540117875
540921619
541268184
542750005
543528227
543775819
544158530
544368093
544721275
545150355
545524322
546838310
547010613
547355683
547418072
548098751
548914087
549166177
549579289
549687023
550421528
550613652
550618764
550861813
551064041
552474522
552785046
553373970
553693558
553879896
554202179
555748344
555777375
556103383
556251573
556742404
557091697
557129944
557389420
557491095
557628470
557764065
557959023
558806001
559719129
560483447
561680297
562537843
562709240
563308971
563470031
563574567
563658282
564406623
564425545
564885913
565036322
565106288
567614640
568820152
568872157
569467715
569610665
570163602
570368973
571704110
571811838
571910757
572086605
572637548
572981086
573044226
573565411
573676952
573989390
574574015
576422719
577678578
578052049
578247640
578335068
578780892
578941980
578959466
579580612
580979369
581394389
581845129
582179853
582626053
583643018
583713076
584295198
584713604
585906100
587157231
587244911
587441425
587475503
587790929
588023376
588301347
590113277
591008376
591855444
592846028
594411686
594503857
594909517
595151220
595418520
595489995
595753708
596550156
597167156
597888525
598750479
598949715
599370186
599422004
600576783
600992560
602342310
602648130
603135301
603169693
603258726
604320601
605759280
606373712
607372216
607419643
607429918
608663712
608723629
608814320
609437173
609745980
611418365
611554729
611676644
612142016
612497877
613053745
613773126
613931796
614284867
614858645
615039312
615586905
616757249
617038323
617140357
617957480
618178518
618516743
619378804
619980389
620652929
620894891
621012733
621376179
621922392
622536295
623140143
623444523
623987424
624452765
624624865
624727882
624792725
625069000
626704631
627183272
627387327
627536722
627930659
628575409
628695486
630795974
630884232
631126066
631176712
631870270
632393002
634031952
634627094
635427948
635616255
637062345
637436625
637873676
638123433
638290972
638432497
638588582
639691391
639911802
639992883
641143748
641226941
641315440
641601810
641715676
642053916
642467765
642636065
642764234
642866430
643184374
644745845
645216278
645393467
647064677
648177656
648411399
648660718
648966558
649437193
649565583
649733448
649949112
650039009
650723744
651434981
651748280
651846351
651852228
652029655
652049112
652457126
653008027
653660364
654831639
654871888
655084335
655382957
655833301
657321856
657467342
657838808
659058025
659088995
659208971
660511070
660547423
660693739
660793950
660831845
661393666
661476801
661503901
661551619
661591007
665781866
666973317
667523347
668589459
670080790
671154727
671570086
671718137
671881188
673069996
673132135
674378188
674842417
675586590
675974172
676265872
677319646
677566577
678247611
678456004
678495437
680236110
680507692
681504402
684476623
685399362
685553945
685837575
685943429
686326254
686940184
687231557
688690062
688940216
688971900
689599845
690668974
691617189
692315152
692756428
692895788
692939269
693436243
693871090
694174119
696181684
697198740
697234780
697920421
699803056
700268147
700448334
700497655
700554060
701510376
701971542
702429958
702991276
703839951
704905012
705419273
705474920
706273256
706321501
706364310
706537421
707147054
707359230
707759782
708485778
708884005
708914625
709092256
709138928
711104159
711128263
711491642
712422244
712545846
713086979
713389991
713947279
714407831
715420833
716272722
716311759
716386540
717342318
717468258
717877679
718140040
718151226
719287125
719420136
720698939
722052438
722439670
723036173
723826103
724669735
726737590
727150769
727364641
727466796
727643766
727713138
728464144
728467875
729267626
729999128
730305139
730999829
732046274
733918145
734242551
734579000
734881374
735288357
735358364
735931815
736300140
736752750
737295496
737565807
737568718
738097506
739971700
739985117
741600499
741800772
744389582
744605606
745505311
745849569
746222188
747241111
747596339
748053141
748105074
748150901
748161648
748359289
749468159
749739256
750498327
751006396
751596560
752356105
752466261
753107519
753360842
753907530
754214068
754682782
755552192
756136879
756162306
756637897
758383849
758880980
759667292
759793881
760154190
760536677
761219028
761412067
762877381
763031439
764255969
764368902
764648410
765134388
765734120
766246850
767545831
767845567
768157477
768482896
768881031
768901662
770004063
771190921
772335729
772929128
773108049
774536689
775270510
775678313
775988552
776015828
776262425
776392630
779534329
779603908
779918326
780894908
781074133
781123163
781681629
783813502
783855530
784264862
785930647
786110634
787235557
787594604
788008988
788189935
788908105
789101145
790143277
793106248
793120448
793338178
794414336
795690440
795867597
796012927
797029723
797615145
798017491
798759630
799550976
800318033
800926423
801442578
802594676
803024856
804193333
804766200
804793750
805695988
805923766
806358584
807593187
807649033
808099363
808169708
808955297
809043072
809610065
809984487
812116392
812903030
813006223
813231102
813558053
815519168
815711129
816777351
816973514
817277422
817385830
817448235
818792209
819953796
820230996
820625533
821148995
821221584
821737020
821768786
822779200
822992151
823470164
825319863
826041118
828923410
828949644
829643533
830638324
831473450
832003208
832991808
833129244
834269396
834438862
834546003
834766064
835347016
835682321
837436954
837659629
837852635
837952835
838052603
838879429
839078422
839421869
839665604
839841476
840212784
841079559
841696742
842034696
842082422
842201231
843176207
843231710
843952491
844480912
846032987
846297317
846419651
846940920
847328616
847349115
847895672
848451016
848746277
849103336
850149262
850413955
850689547
852291487
852586157
853128480
853276980
854643287
854849036
854877889
855177864
855345043
855593911
856104920
857416473
859344521
859360659
859540286
859587528
859831373
860188712
861233900
861896157
863928517
864758199
864947160
865044217
865059488
865291912
865841709
866639463
866960727
867933417
868019072
868103460
868117125
869593519
869856888
870587858
870902793
871916689
872166300
872578946
872676003
873752221
873855468
874507845
876472334
876754334
876783688
876859138
879018609
879373307
880236328
880307853
880463013
880829489
881417698
881609977
882180122
882475207
886122882
886352999
886396488
888060414
888253769
888311967
888548705
888678704
889716329
892543864
892645586
892677968
894764998
896069563
896105322
897328936
897379476
897459215
897861119
899903726
901106375
901656173
901689599
902047059
903959214
904263806
904899878
905412952
905603931
905768852
905954162
905958479
906270336
906506422
906971791
907009573
907478685
907658207
907798840
907832606
907876669
909858135
910627646
911858453
913682047
914045522
915049720
915203630
915529636
916776411
917279882
917344263
917730088
918695075
918751130
918973253
919073790
919151144
919299715
920769569
921093760
921262292
921584683
922109222
922911165
923724901
924008992
924167939
925429483
926069099
926083654
926359333
926971392
927151230
927555045
928235723
928683190
928940314
929013320
929192738
929498088
930019379
930582079
930694272
932842854
932942728
935068914
935141294
935313066
935335704
935374810
936329861
936407159
936500644
937116469
937947184
939294642
939561023
939782138
941284007
942344253
943602119
944341334
944612800
947121305
947406896
948811949
949380567
949609749
949874160
950346920
951193070
952110601
952181868
952423743
952770691
953107285
953107321
953592869
954237988
954326329
954845034
955700624
956135284
956178603
956310033
956503180
956965962
957206394
957290953
957447423
957516751
958230901
958670009
958671892
958685555
958743372
959111793
959318561
959556350
960279277
960403467
960440079
960502197
961212824
962438654
962516541
962670882
962716417
963017018
963316569
963538277
963543175
963647760
963693921
964201335
964456876
965128989
965199530
965610716
965662291
965775941
965961312
966777207
967107607
967545739
967701362
967908645
968693688
968857541
968906804
969489253
969739565
970422835
970553859
971118960
972986079
973845935
973876281
973943510
974150195
974204053
975095873
975390567
975419976
975438244
976320065
976337501
977368305
977690888
977700063
978711127
979029102
980327409
980644507
980927382
980949073
981844008
982824496
984379002
985950183
986487973
986684853
986725649
989274957
989305923
990253789
990550375
992489671
992624360
992695317
992887401
994351937
994966182
995394920
996266445
996603960
996840234
997049417
997064902
997764666
999104114
999140290
999749092
1000630901
1001177502
1001912903
1002073165
1002073310
1002684126
1003729615
1004263246
1004497974
1004531662
1005676717
1005866896
1006400030
1007872668
1008108017
1008225306
1008274617
1008341438
1008951495
1009136209
1009525280
1009592544
1010071195
1010638605
1011642286
1011702178
1012550510
1012870391
1013363564
1013643844
1014270100
1015100068
1015297425
1016436731
1016460994
1016743565
1017025025
1017057998
1018215031
1018729308
1018789054
1018974671
1019455159
1019803659
1019888990
1020363401
1020489257
1021105369
1021418241
1021836498
1021883094
1022430599
1022698448
1022808134
1023830951
1023872816
1024597937
1024885310
1025852546
1025920948
1026224927
1026645106
1027316276
1028021439
1028184649
1028779717
1028830869
1029406784
1029691066
1030376878
1030575899
1031907897
1032026508
1032352385
1032809574
1033016493
1033320859
1034884629
1034889026
1035011197
1035415449
1035649951
1035897513
1035949797
1036389945
1036770134
1037061179
1037102174
1037281846
1037476688
1037821709
1038037677
1038224673
1039361086
1039462092
1039848636
1039913211
1040018361
1040382763
1040513029
1040961502
1041063428
1041145443
1041252864
1041450083
1042792845
1043127605
1043601501
1043697015
1044003723
1044853989
1045841806
1046028462
1046449939
1046649548
1047106753
1047402925
1047590113
1050090576
1050913764
1050999214
1051625085
1051792590
1052215062
1053365839
1053876571
1055518703
1055543784
1055865332
1056184533
1057130924
1057349644
1057418462
1059960794
1060602985
1062358700
1062529375
1062672188
1062757013
1063059007
1063068030
1064885506
1066036586
1066604666
1066807255
1067987504
1068243143
1069373710
1069418786
1069606162
1070245435
1070715611
1071405847
1072113691
1073407060
1073535353
1073629117
1073803484
1074033302
1074054840
1074127313
1074657157
1075169384
1075487192
1075646823
1076251590
1076561001
1077080429
1077098319
1077559412
1077777427
1078213888
1078458161
1078575545
1078780742
1079065317
1079582838
1080245050
1083324411
1083973772
1084348801
1084462978
1084712461
1085317404
1086881839
1087369182
1088185060
1088274203
1088603445
1088917911
1090085036
1090130437
1090835723
1090927614
1091268879
1091645194
1091671861
1092042904
1092637914
1092684780
1092781014
1092919186
1092934419
1093735137
1093867979
1095516823
1095726564
1096486090
1096790725
1096791896
1098527496
1099744319
1101188886
1101808875
1101820653
1101954797
1102696945
1102817208
1102914654
1103266360
1104331376
1104430798
1104434206
1105849874
1105865080
1106370502
1106528860
1107487273
1107641372
1108041997
1108754057
1110293624
1110632399
1110855566
1111379569
1111489639
1111659317
1111701705
1111790093
1111968395
1111999335
1112662772
1113146988
1113373539
1113734279
1114194169
1114656620
1114714261
1114723343
1116380957
1116840238
1117001523
1117628902
1118754059
1119189564
1119781220
1121385814
1121496476
1121619404
1121699640
1121837543
1121945906
1122787972
1122905078
1122934267
1123029603
1124764485
1125147766
1125304240
1126095290
1126851438
1126865927
1127180975
1127800217
1127974335
1128733745
1130146077
1130209743
1131439565
1132392866
1132739144
1132828725
1132941284
1133027796
1133441467
1133811942
1135005356
1135256574
1135732166
1135921756
1136383875
1136527564
1136954594
1136957590
1137607450
1137734464
1138026110
1138546559
1139962242
1140276578
1140706362
1140906757
1141123278
1141721875
1142567491
1142791318
1144014527
1144231932
1144504613
1145194110
1146255294
1147208247
1147602540
1148850222
1150171497
1152307363
1152639612
1153640266
1153734795
1153889366
1154206327
1155120303
1155643599
1156435828
1156582374
1156899000
1157526204
1158372658
1158407350
1158616718
1159185256
1159304409
1159600851
1159929137
1159942390
1161171142
1161295481
1161632097
1163102204
1164117787
1164304976
1164551533
1165947814
1167099753
1167560271
1168793798
1169168524
1169627749
1169745451
1171303604
1171383202
1171930799
1172112852
1172739523
1172812168
1173153601
1174850553
1174972818
1175711010
1178484838
1181287261
1181842852
1182130532
1182356855
1182371016
1182914442
1183097064
1183372679
1187525786
1187814601
1188274491
1188641324
1189094092
1189379776
1190236371
1190273160
1190641215
1190779290
1191280118
1191693154
1192037926
1192075907
1192286698
1193839142
1195856841
1197055570
1197410373
1197675633
1198413319
1198886605
1199265613
1199812399
1199965304
1200614028
1201122042
1201238175
1202036117
1203433522
1203439543
1203633147
1203702922
1204992606
1206798838
1208209941
1208640461
1208674504
1208832216
1208911684
1210214980
1210617040
1210635549
1210763954
1211437172
1211863601
1211919327
1212280666
1213008816
1213719750
1213802450
1213853999
1213952176
1214252348
1215248903
1215441620
1216035928
1216178514
1217960684
1217992728
1218838687
1219622636
1220077265
1220759870
1221417084
1221790261
1221983082
1222270214
1222563090
1223456081
1223558361
1223996303
1224307160
1224485239
1225443966
1225769064
1225829543
1226116840
1226550977
1226795844
1226912804
1227172891
1227588066
1228152141
1228560909
1228670334
1229695692
1230539763
1231100721
1231160376
1231480862
1231493289
1232002277
1232127203
1232619271
1232870170
1233383385
1234771115
1234810631
1235947588
1236124556
1236933807
1237541167
1238510272
1240109115
1240831322
1241762540
1241821844
1242288653
1242292108
1242320901
1242472169
1244507785
1244879988
1245939872
1246994239
1247012128
1247438148
1248395445
1248767953
1249290460
1249341300
1249522662
1249963562
1250133054
1250444688
1251580742
1252773945
1253102363
1254084285
1254658648
1254773790
1254790972
1255305291
1256135071
1256476366
1256652380
1257042298
1257061341
1257760368
1257769483
1258860015
1261150522
1261617947
1262073794
1262159232
1262346809
1262614890
1262900999
1262904767
1264111718
1264127018
1264170264
1264894037
1266444891
1266935758
1267579215
1268210742
1268511283
1269404162
1269492030
1270152246
1270193401
1270402763
1270418108
1270934792
1271100730
1271160865
1271162968
1271971996
1272069270
1272124461
1272269814
1272866763
1273964756
1273978990
1274400255
1274802351
1276716819
1277385677
1277493643
1278061675
1278485422
1279577173
1281066608
1281267401
1281853632
1282125707
1282143053
1282395168
1282578663
1282915823
1284157996
1284192575
1284368149
1284769043
1285262810
1285932471
1286709023
1287090421
1287226827
1288124909
1288783995
1289142543
1289633961
1290171429
1290214101
1290220763
1290669466
1291399552
1291819444
1293295880
1293533896
1293879760
1295622445
1295961192
1296534631
1297082406
1297985100
1298809647
1299710395
1299845365
1300482280
1300797080
1300853362
1301690838
1302117081
1302318385
1302357751
1303709796
1303770128
1304158470
1304795545
1305425819
1305813514
1306222201
1306433412
1306708732
1306755643
1307035912
1307957198
1308112880
1308312260
1309362601
1309412369
1309505265
1309941809
1310573979
1310887327
1310969462
1311623728
1311866553
1313586218
1313648669
1313768210
1313851758
1314113246
1314206034
1315885591
1316436943
1316854442
1316916403
1317061734
1317893527
1317917702
1318145004
1319052949
1319437216
1319666062
1320112086
1320835210
1322005537
1323418126
1323737945
1324282407
1324537510
1324795599
1324860273
1325053853
1326042489
1326132520
1327523670
1328306692
1328416019
1328785433
1329317287
1329620016
1329692343
1330379557
1330546952
1330782657
1331083239
1331187185
1331579503
1332174203
1332295139
1333987123
1334905521
1334956196
1337341259
1338072928
1338814504
1338921489
1339224120
1339437302
1339782827
1340258398
1340826803
1342009674
1342396589
1342825182
1342885372
1343911027
1344204008
1344592970
1344871079
1345080683
1345912680
1347671791
1347956609
1347987374
1348107292
1349466322
1349555098
1350062084
1351302520
1351416527
1351670154
1351919022
1352245762
1352971299
1353016390
1353145538
1353241927
1354120151
1354771738
1356056657
1356647280
1356906575
1357007686
1357807354
1358266633
1358375307
1359037479
1359052690
1359162140
1361269258
1361498749
1361610175
1362978531
1363164608
1363177376
1363683425
1364486991
1364786608
1365825064
1365888744
1365960913
1366575237
1366705391
1367009224
1367404834
1367534157
1367760380
1367914130
1368610952
1369620515
1370630632
1370729020
1371790614
1372078199
1372979286
1373169875
1373867109
1374562432
1374814706
1375999057
1377328560
1378357003
1378861841
1380232289
1380679055
1380811134
1380855016
1380896034
1381815233
1382473128
1382768839
1383207023
1383885381
1385366736
1385996153
1386318310
1387308197
1387905096
1388055775
1389277008
1389529703
1389859075
1389962913
1391054661
1391504463
1391731886
1392155123
1392920438
1393196841
1394298004
1394607298
1395632157
1395880116
1396311832
1396625308
1396795385
1397080620
1397143300
1398513815
1398661684
1398736567
1400945738
1400961021
1402034049
1402753509
1403919693
1404214014
1405537868
1405705212
1406269427
1406527544
1407975839
1408655714
1409332823
1410105934
1410111023
1410185390
1410725793
1411061882
1411631687
1411842994
1412175384
1412390535
1412398562
1412639522
1413432318
1414351400
1414610408
1414662899
1417892162
1418313444
1419674930
1419733619
1420115040
1420690704
1421330767
1422309492
1422346342
1422620023
1422969064
1423207110
1423680931
1424747288
1427086009
1427405785
1427892261
1427950165
1428954949
1429249757
1429404416
1429526175
1429917455
1430766603
1430795901
1431227020
1431618653
1432724725
1432901630
1434374280
1435683830
1436679540
1437653616
1437899684
1437925515
1439672721
1439891776
1440223699
1441137728
1441237109
1441474691
1441584501
1442081688
1442218796
1442341692
1442563930
1443133971
1443147854
1443904042
1444166743
1444566070
1446371526
1447932242
1448003883
1448221343
1449988108
1450415048
1451256478
1451549113
1451993960
1452013418
1452221507
1452639513
1452766310
1453306364
1454387877
1454803849
1455190998
1455438489
1455483476
1456104576
1457554485
1457751013
1458170697
1458347985
1458702024
1459087751
1460889036
1461200073
1461639564
1462421662
1462633434
1463471907
1465010137
1465366754
1467021873
1467953653
1468928267
1469108170
1469178330
1469502715
1470268049
1470426469
1470967542
1471424238
1472347979
1474104247
1475122857
1475308269
1476857689
1477355162
1477705481
1477741623
1478179402
1478306771
1479055385
1479854618
1480050131
1480060705
1481446831
1481521590
1481639150
1481844337
1482079008
1482326548
1482583918
1482786370
1482969812
1484423687
1484577306
1485349816
1485666862
1486038334
1487968692
1488688988
1489498442
1489992175
1491143516
1491866471
1491984497
1492244624
1492279007
1492350178
1492448943
1492806307
1493326028
1493548784
1493740709
1494592420
1495032118
1495426386
1496561434
1498105004
1499017488
1500006646
1500172829
1500470720
1500514977
1500756906
1501051830
1501137868
1501358326
1502830350
1503750809
1504288288
1504363999
1504443910
1505116261
1505933561
1506499151
1506576014
1506933041
1507156254
1508732472
1509401172
1510907366
1512016051
1513102956
1513271666
1513666940
1513681360
1514062462
1514796948
1514986986
1516009710
1516707740
1516972135
1518249430
1519302258
1519378478
1519796508
1520968877
1521013529
1521846296
1523523643
1523803099
1524142227
1526513654
1526604952
1526677059
1528512882
1528670072
1528840949
1528991688
1531546226
1531613219
1532388262
1532532908
1532539170
1532919893
1533309747
1533488937
1533670522
1534117031
1534401566
1534463001
1534586073
1534815031
1534886173
1534967122
1535224045
1537419141
1537676969
1537798723
1538975681
1539297514
1539367852
1540082107
1540188322
1540433594
1540554107
1542136351
1542176861
1542272028
1542926570
1542939033
1543319940
1543927384
1544112228
1544126844
1544220812
1544703990
1546125365
1546476541
1546962350
1547203928
1547403867
1547939667
1548115073
1548741426
1548823825
1549192461
1549348927
1549544178
1550773802
1551057756
1551542341
1552190382
1552757684
1553495017
1553561979
1553794613
1554273804
1554530080
1554743955
1556683922
1557515794
1558477594
1558555864
1558573861
1558611958
1559687443
1560237920
1560494356
1560873388
1562478825
1562927407
1564316792
1564401758
1564846978
1564940610
1565012651
1565113922
1566316397
1568271192
1568729865
1569117797
1569280320
1569876205
1570824271
1571233013
1573053358
1573138983
1573389209
1574057838
1574247505
1574940528
1575178828
1577398102
1577526345
1577864552
1578070522
1578271620
1579325945
1579440852
1579923306
1580160589
1580372258
1582745742
1583328657
1584914766
1584921141
1584957659
1585578797
1585852411
1586333057
1586354234
1586460748
1586535026
1586878312
1587010019
1587224529
1587237117
1587398764
1587715069
1587813813
1588566989
1588690655
1588971776
1590186992
1591897776
1591976957
1594593052
1594632438
1594797354
1595284124
1595377024
1595815319
1597955700
1598525486
1598945785
1600093001
1600643516
1600793610
1601416608
1601507606
1602324873
1602353882
1602572538
1602591330
1602719840
1603794279
1603922491
1604168763
1604271071
1604432093
1605564005
1606035343
1606344925
1606609638
1606831131
1607510808
1608207439
1609052726
1609176424
1609579002
1610878128
1611503276
1611575544
1611703420
1612204426
1613142600
1613860773
1614937208
1615019712
1615869835
1616241811
1617166903
1617609120
1618858241
1619015311
1619783222
1619949428
1620628139
1620654945
1620709770
1620986478
1621378100
1621638604
1622168607
1622503499
1622609035
1623196986
1623687693
1623806334
1624901088
1625094794
1625812881
1625972949
1626093817
1626393576
1626507411
1626573847
1626637247
1627260303
1627877475
1628146062
1628619780
1629276674
1629550990
1629768897
1630579112
1631969466
1632341243
1633359388
1633468281
1633497150
1634158743
1634426180
1634444033
1634942676
1634988541
1635261934
1635602291
1637062256
1637342689
1639351971
1640017093
1640124778
1641962024
1642261639
1643082905
1643375502
1643532481
1644543637
1644684506
1644700230
1645138302
1645407155
1646972538
1647115317
1647130126
1647141080
1647462700
1648595194
1648694893
1649099609
1650101927
1650580519
1650861371
1650892995
1651016552
1651107429
1651706161
1652275442
1653195190
1653953266
1654864550
1654905068
1657739561
1658028389
1658443083
1659209477
1659218819
1659386468
1659734242
1659956599
1661084468
1661649755
1661958319
1663106256
1663160052
1663197314
1663340455
1663953407
1665009660
1666101349
1668085490
1668121850
1668359863
1668372135
1668467939
1670195042
1670862338
1671040468
1671224387
1671441206
1672294901
1673418012
1674150579
1674271281
1674457888
1674976989
1675289507
1675444120
1675825785
1676394668
1677401223
1677524831
1679057422
1679507335
1679577454
1680311321
1680679862
1681024702
1681608177
1681867302
1682127157
1682173975
1682396003
1684508413
1684809511
1684821309
1685051303
1685196078
1685935333
1686845955
1687188401
1687192628
1687714975
1687777248
1688134805
1688143261
1689233377
1689376993
1689569724
1690145246
1690302113
1690578492
1690705131
1692290153
1692747281
1693682828
1694265379
1695038160
1695119416
1695352065
1695815737
1696735140
1696755980
1699259401
1700081930
1700350237
1700914539
1701183146
1702141845
1702171245
1703256151
1704476329
1705259566
1705418302
1705627833
1708136170
1708174935
1708796323
1709116610
1709205439
1709799393
1710310775
1710465747
1711069421
1711258105
1712273259
1712353370
1713203515
1713987406
1714391557
1715252463
1716543950
1716563422
1716614968
1716949690
1717246988
1718099160
1718746434
1718952984
1719151294
1719648470
1719917903
1721511192
1721601379
1721756655
1721979362
1722002729
1722906830
1725177230
1726255013
1726486347
1727187238
1728269914
1728538512
1729298788
1729434436
1729875336
1729895680
1729910971
1730384904
1730518150
1730846327
1731678670
1733163049
1733848299
1735014528
1736230023
1736946684
1736983928
1737426361
1737562248
1738376653
1738378648
1738734353
1738888046
1739309669
1740510865
1740918726
1741604384
1744246054
1744271891
1745417090
1746971982
1748035158
1748893513
1749383575
1750135112
1750444136
1750618816
1750700938
1751515704
1751610322
1751864683
1751985760
1752142952
1752682563
1752870693
1753205320
1754834606
1755066515
1755523452
1755852293
1756023573
1756257056
1756688166
1756723589
1756745181
1757357736
1757361825
1758840489
1759253744
1759286177
1759476498
1759639850
1760163593
1760312595
1760421263
1761949419
1762224293
1762340312
1762534186
1763813316
1763821680
1764660029
1764983728
1765970961
1766356337
1766847674
1767346675
1768321217
1768537050
1769133751
1769374494
1769619915
1770242038
1770998013
1771363184
1771786854
1773050463
1773687790
1773937101
1774122722
1774535547
1775198546
1775488465
1776119163
1776801329
1777121557
1777346470
1777878466
1778269266
1778404484
1779408991
1779596607
1780018349
1781271517
1781935929
1782297139
1782545453
1782738399
1783381317
1784652265
1784858176
1785335123
1785867723
1786330469
1786360032
1788029021
1789554293
1790053011
1790413356
1790701497
1791643489
1791850196
1794259863
1796953519
1798652107
1798673223
1799650585
1800135606
1800414784
1801202090
1801339562
1802261253
1802335048
1802463395
1802791538
1803130150
1803196582
1804710029
1805043011
1806358893
1807435095
1808779624
1809110341
1809146522
1809176647
1809410967
1810363203
1810534599
1811304970
1811475374
1811535911
1812932390
1813327991
1813549255
1814016093
1815031774
1815971994
1816396701
1816995340
1817294061
1817526329
1818066015
1818958718
1819481260
1820204547
1820618204
1820807824
1821235427
1822228964
1822633936
1822767840
1822881465
1823262685
1823766931
1823806282
1825238468
1825885367
1825919552
1827140451
1827678195
1828078550
1828411525
1830730443
1830752168
1831009288
1831098065
1831239107
1831240603
1831667787
1832243761
1832962360
1833870469
1834055217
1834180944
1834186413
1834415742
1835051089
1835784647
1836012535
1836449731
1837097232
1837166175
1837275747
1837415196
1838033388
1838736815
1839062574
1839771342
1840584253
1841345484
1841459847
1841668685
1842168545
1842307495
1842651001
1842927010
1843219840
1844133722
1844406569
1844452781
1845380137
1845424226
1845679755
1845967839
1847827099
1849033209
1849345573
1849611695
1850095246
1851474017
1851967233
1853611497
1856500487
1856773036
1856873717
1857253615
1857464631
1858624610
1858735944
1859460912
1859616621
1860101273
1861645249
1862130248
1862198600
1862805857
1862846554
1863106775
1863347499
1865254410
1865512538
1865557788
1866640838
1868115221
1868353728
1868736429
1869255932
1872930541
1873071385
1873227662
1873803044
1874635217
1874827521
1875503123
1875833609
1876037070
1876119593
1877923200
1879191419
1880045124
1880947816
1882976290
1883178303
1883900218
1884235978
1884345708
1884958904
1885353503
1885867693
1886073668
1886093753
1886323048
1886574527
1887550182
1888189920
1888529290
1889044172
1889463257
1890735399
1891158803
1891516596
1891613877
1892949620
1893695533
1893702447
1893761641
1894284261
1894319540
1894645153
1895811440
1895997288
1896138131
1896170986
1896187590
1896248447
1897309162
1898627301
1899903282
1900869637
1901330990
1901598944
1901631488
1901844517
1902135761
1902495685
1902726511
1903481827
1903807271
1904706884
1905610536
1905737774
1906230839
1908424610
1909673467
1909709950
1911778913
1912311212
1914034941
1914282141
1915814163
1916711905
1918046260
1918420752
1919330940
1919819418
1920025441
1921055029
1922432321
1922731330
1922762185
1922920008
1923106310
1923439973
1923560631
1925211478
1926078660
1926394467
1927097199
1927266412
1927609563
1927701236
1928117617
1928464815
1929034417
1929629616
1930135090
1930186669
1930511927
1931569729
1933275884
1933430405
1933887523
1933971257
1934182188
1934218266
1934319349
1935329127
1935350051
1935906438
1935947975
1936355581
1936672344
1938036870
1938041067
1938068719
1938245440
1938785345
1940503541
1940871106
1940936860
1941180587
1941502337
1941721914
1943713505
1944752403
1945145445
1945196242
1945743510
1946397587
1946825328
1947354682
1947385582
1948208663
1948848751
1949005314
1949005890
1949104446
1949538918
1949578599
1949776646
1950248465
1950597530
1950637356
1950763856
1950840907
1950911509
1952093957
1952253710
1952350092
1953244209
1953844163
1953918681
1954897528
1955070344
1955244405
1955438972
1955457591
1955530338
1956076465
1956237493
1956650231
1956772089
1957124170
1957370376
1957662409
1957866934
1958873409
1958891145
1958912196
1959007581
1959150612
1959389602
1959506501
1959746814
1959839661
1959875027
1961172387
1961300277
1961623437
1961769832
1961774783
1963317929
1964345249
1964835875
1965367644
1966893225
1966924396
1967237909
1967662335
1968874606
1968936094
1969358298
1970421491
1970509072
1970751238
1970778750
1971073420
1971375229
1972119590
1972999460
1973009112
1974202888
1974480400
1975078275
1975887268
1976047886
1976149739
1976170457
1977049086
1978146613
1978392405
1979069523
1979649771
1979669725
1980044181
1980173733
1981954135
1982151817
1982710772
1983509168
1984223223
1984266984
1984327656
1985194809
1985957499
1986023739
1986589912
1986666682
1987294828
1987685966
1988338949
1988600345
1988680474
1989369876
1989938248
1990175411
1990654389
1991079637
1991128377
1991456436
1993045650
1993154467
1993630410
1993760453
1994549188
1994809031
1995578131
1995895074
1996344056
1996706141
1997569261
1997995539
2000297269
2000399485
2000742694
2001190140
2001364969
2002081619
2002600388
2005060044
2006240764
2007864092
2007913011
2008493518
2008683745
2008703872
2009383469
2009826781
2010631886
2011201932
2011252369
2011382006
2011729275
2011882486
2012314967
2012880986
2013154528
2013407145
2013579760
2013785786
2013993557
2014962127
2015456918
2015823301
2016314496
2017094373
2017298561
2017767452
2018551356
2018869354
2019153023
2019851314
2020240071
2020862117
2021194064
2021196499
2022716021
2022823097
2024043013
2024363898
2024475846
2024756878
2024897693
2025390673
2026210752
2026266304
2026706555
2026786816
2027080900
2028476372
2028898288
2031346777
2031554261
2031748992
2031907134
2032060483
2032522035
2032869848
2032942775
2035058690
2035475029
2035758652
2035966225
2037688428
2037697471
2038119462
2040286213
2040469209
2041068386
2042373374
2042827379
2044062688
2044167548
2045282315
2045415179
2045757463
2046132951
2047018006
2047051200
2048034435
2048176688
2048378740
2048586815
2048966817
2049586993
2049660873
2049878345
2050886703
2052837741
2053180572
2053796521
2055781854
2055993861
2056019831
2056257624
2056314025
2056434720
2056538749
2056869048
2057769989
2058575897
2058591375
2058628694
2059573792
2059626433
2059708243
2060293862
2061744323
2062236156
2062842293
2065345907
2065869148
2065888839
2067245462
2067811793
2067931677
2069767735
2070024556
2070598704
2070798691
2071346512
2071399678
2071797212
2072762414
2073896529
2075165224
2076045013
2076055795
2076133897
2076436344
2076544674
2076857382
2076867037
2077049501
2077556072
2078332048
2078341937
2079673481
2080798503
2081343676
2083298337
2083407275
2083625375
2083854154
2084095734
2084433863
2085391849
2085500187
2085725454
2085914906
2086723524
2086908587
2087049084
2089041131
2089412345
2089771739
2090402581
2091394027
2091677773
2092462252
2093055355
2093241124
2093824342
2093986353
2094327342
2094422178
2095107588
2095728605
2095850539
2097315163
2097326808
2097739867
2098134684
2099042955
2100221299
2100278605
2101385028
2101552778
2102394099
2103375697
2103542182
2103693778
2104336990
2105209626
2106312800
2107019965
2107409381
2107674509
2107677832
2107813969
2108391499
2108454661
2109407565
2109542520
2110338239
2110519154
2110548376
2110780476
2111476855
2112417419
2112603994
2112760960
2114364566
2115420745
2115852292
2116120512
2116202066
2116556701
2118179045
2118770154
2119339708
2119978032
2120210828
2120352859
2120684642
2121285142
2121596593
2121856713
2122649237
2123011063
2123027154
2123387154
2123690222
2125199309
2125380316
2125677505
2125740797
2125953216
2125992265
2126220950
2129060012
2129342536
2129749817
2131121351
2132664771
2132698550
2132916074
2132950322
2134308725
2134709107
2135936533
2136619052
2136667077
2136837533
2136956745
2137492034
2138421836
2138711940
2139416843
2140324606
2140769260
2141658725
2141834613
2142278074
2142290618
2143428253
2144212485
2144220070
2144273576
2144341949
2144932076
2145395078
2145616776
2145798450
2146230222
2146833788
2147042748
2147188978
