 v]ÿ59338
866629
1130983
1571326
1681432
1857824
1870292
2195787
2663321
3403846
3828005
4337802
4867442
5231251
5302875
5568177
5832485
5942319
6104735
7074414
7080888
7393614
7561400
7672865
7680114
7874608
7879650
8869180
9056276
9326904
9475292
10656247
10948223
11008224
12383449
13103096
13120540
13272769
13456447
14038264
14172633
14306627
14587737
14851384
15410236
15551659
16080945
16445999
16534492
16852528
17028177
17812558
17917300
18080787
18087562
18147435
18566564
18709158
18854742
19437160
19675691
20060118
20363792
20619379
20805273
21114244
21340018
21578356
21949843
22240991
22327493
22469035
22682747
22846857
22970810
23388637
23689259
23756854
24004858
24468162
24543198
24807955
25019682
25164642
25305315
25453706
25592985
26107688
26379093
26818635
27106749
27741213
28173104
28306340
28511921
28598724
28929298
29675505
29807523
29973703
29995812
30397851
30501529
30533818
30553106
30781876
30813803
30836083
31019218
31462761
31723287
32017524
32048623
32182572
32386139
32956574
33227297
33234140
33244408
33534076
33743624
33854028
34001433
34088154
34112115
34853483
35714678
35828942
35839820
36037642
36756213
37807406
38106589
38313037
38782148
38920839
40013925
40208139
41170155
42457439
42777192
42830090
43346643
43570034
43665130
43949805
44119512
44404302
44561440
44661199
44902590
45022858
45362203
45518552
45518892
45671769
46027812
47058011
47705279
47895464
48521369
48765502
48871808
48905892
49066721
49169883
49317195
49437484
50008489
50188628
50242085
50466288
50639491
50699445
50809948
51438542
51870061
52552960
52641883
53295267
53453070
53523743
53588013
53828576
54055748
54123103
54218847
54282203
54743565
55324500
55444389
56206850
56381194
56636148
56746836
56942225
57235639
57958880
58168351
58576675
58759460
59300851
59629768
59976312
60133061
60210768
60333782
60524693
60803594
61206191
61210703
61322925
61416811
61793850
61840626
61927574
61941070
62895923
62935164
62974081
62988099
63103857
63262669
64150190
64923973
65230989
65342240
65388974
65483791
65845658
66103660
66344287
66409612
66695936
67152114
67225481
67447233
67451302
67535474
67630736
67674984
67948721
68314689
68667745
68765242
68992886
69081214
69131181
69680444
70002342
71155384
71185796
71718067
71876166
72156325
72353736
72927785
73375429
73472652
73819909
74045871
74548430
75217046
75476326
75588617
76101967
76584637
76995700
77020203
77144052
77308337
77586237
77695648
77714375
77778176
78660649
78684097
78830901
79047107
79185425
79547189
79791967
79964880
80233197
80264508
80336851
80645646
80813290
82056107
83188612
83342652
83504762
83677184
84002012
84318449
84640705
84666481
84975104
86024741
86196569
86823619
86942462
87044909
87743287
88730817
88816469
89332764
89385006
89751363
90187194
90263026
90386823
90634127
90897513
91367684
92071631
92074047
92181073
92242050
92415674
92856569
93014782
93198149
93420544
93495708
94301070
94514215
94571592
94584315
94966586
95192888
95669016
95727967
95773422
95954239
96173315
96370831
96467028
97179390
97333544
97534326
98049733
98686268
98791696
99406427
99530157
100321847
100653560
100891152
101513462
101575366
101923648
102257283
102782435
102840306
103053962
103963419
104170482
104259121
104541438
105078261
105168504
105300978
106111659
106497468
106571435
106690521
107033072
107185213
107212180
107294103
107330912
107411591
107429997
107621651
108006366
108590718
108621880
108698909
109333678
109640400
109815034
109922373
110090995
110609856
110729372
111115306
111137084
111191090
111281272
111288308
111459678
111935902
112114060
113115901
113865083
114284649
114312161
114446745
114537695
114577906
114583797
115299004
115463601
115536879
115834611
115848525
116255920
116765083
116768196
117078787
117304688
117629370
117715628
117862583
117932830
118001622
118133639
118157028
118187184
118279958
118634783
118723770
118783365
118838862
119354765
120087966
120089912
120169836
120172042
120226681
120250565
121309095
121447583
121513011
121719793
121762282
121972307
122609327
123411129
123615437
123742475
123797410
124897209
125847213
126028757
126060091
126086434
126264301
126354974
126627295
126645447
127050380
127230332
127351450
128265173
128426839
128749756
128983949
129282149
129541185
129580935
129793842
130292728
130405006
130471160
130579154
130899085
130916437
130954085
131051198
131230508
131540856
131566034
131582925
131966106
132185562
132416620
132433896
132942089
133236313
133400601
133451024
133922108
133949880
134173790
134357165
134707460
135074530
135388749
135683098
135703010
135897346
136292003
136368890
137642601
137845639
137999717
138289128
138845721
139057589
139940250
140500381
141865950
141895562
141936482
141981460
142401541
142680046
143138918
143170733
143200655
143366416
143928922
144559561
144980059
145095156
145107646
145293885
145502257
145798728
146257829
146557869
146657916
146916575
146937767
147026945
147715230
148218489
148764689
148806109
148935617
149569268
149609595
150746674
151142421
151297919
151706946
151939129
151953012
152525259
152648892
152920154
153150622
153507631
153533460
153692284
153964754
154184407
154259770
154466510
154584041
155406226
155411124
155899283
156274592
156378456
157314698
157556420
158170619
158321648
158404633
159224734
159231865
159363041
159839497
159902442
160075355
160099662
160627331
161162983
161275403
161280127
161481278
161527249
161566582
161678212
161718282
161975653
162097607
162116743
162267687
162358135
162406540
162609259
162738492
162982741
164393310
164547106
164842240
164887075
165589400
165675900
165997585
166167712
166247107
166303468
166346461
167338165
167908623
167912568
168099761
168152665
168175548
168375667
168900456
168914107
169308717
169553437
169784767
169875380
170311268
170505693
170886063
170901565
171221413
172148692
172307077
173212511
173241318
173326043
173329298
173426103
173589238
174946063
174964297
175160662
175389892
175998416
176089425
176403188
176649022
177165043
177983061
178509766
178867783
179051346
179291115
179602545
179797066
179983861
180135137
180286641
180532416
180896692
181016291
181064837
181222698
181531486
181602842
181983108
182130421
182334619
182468303
182616448
182642926
182678084
183113053
183207520
183544191
183895028
184087045
184134868
184683578
184862483
185101425
185340953
185343410
185933198
186122195
186230214
186296588
187046437
187079970
187472082
187571312
187772385
187988867
188194111
188683798
188776495
188880957
189030450
189605043
189989876
190021612
190105799
190169052
190415398
190502939
190524054
190595313
191236858
191436544
191574380
192687896
193085181
193190871
194248075
194474573
194578434
194653548
194841441
195003344
195131307
195267537
195584782
197150298
197205233
197271426
197659737
197664149
197741865
198006281
198300615
198349903
198656397
199275666
199459709
199468654
199583243
201170644
201786735
202303173
202311949
202357249
202801027
203083011
203265800
203565400
203937992
203966329
204008782
204054632
204601186
204635682
204947786
205334393
205680313
205787695
205974652
205977545
206715708
207049407
207080915
207361535
207407346
207582030
207768269
207850277
208191137
208288549
208294860
208473225
208720825
208825410
208868562
209113196
209317683
209446302
210001259
210121919
211238619
211305182
211446550
211698228
212815834
212880661
213573111
213709784
213950332
214039315
214220641
214293940
215605838
215750686
216088464
216218126
216447824
216570901
216907171
217126370
217304636
217536183
217549515
218929936
219063043
219065916
219218429
219564839
219572778
219610052
219726320
219746723
219749067
220974832
221181007
221193948
221529862
221909101
222748941
222826575
223539036
224025761
224028897
224142454
224527526
224994317
225182889
225470178
225785226
225961559
226377810
226723223
226975449
227163895
227168880
227236176
227514171
227548737
227750339
227934971
228128113
228282119
228633885
228949335
229233696
229814012
230235180
230652374
230658213
230739939
231075675
231137363
231195964
231225826
231339155
231475926
231482895
231644296
231664444
231917668
231950199
232016141
232149549
232695858
233713303
233816850
233887028
234054990
234418317
234704671
234919474
235211771
235259980
235613983
235942957
236043872
236185546
236383433
236552049
236693623
236747038
236783166
237449524
237560737
237664847
238407010
238528239
238742876
239961028
239970221
240182285
240811169
240821262
240953206
240978845
241678458
241952963
242046947
242250372
242398497
242578975
243215093
243277387
243548830
244146945
244242382
244455847
245240244
245358626
245507890
245599832
245935553
246041152
246318540
246459363
246931688
247156098
247223539
247458505
247578816
247908117
248090439
248355431
248672479
249156021
249157724
250061016
250490149
250793996
251175296
251712700
251950023
251976083
252238171
252356274
252636022
252746414
252887366
252936376
253370129
253371058
253396373
253466479
253707769
253919320
254227148
254591484
254901822
254959676
255010770
255289053
255373077
255784042
255869173
256187202
256457005
257071133
257092069
257181275
257521556
257580280
258334494
258359692
258480361
258986860
259343158
260168254
260715472
260786190
261045826
261318144
261461076
261855675
262385617
262786177
262919434
263214169
263223205
263860339
264872250
265093361
265193200
265295997
265656073
265762523
266303452
266323819
266449839
266480120
266496039
266738087
266751335
266991850
267132897
267459977
267941303
268348522
268438610
268492564
268851541
269536676
269810187
269943427
270492758
270542291
270738066
270896696
270934085
271097545
271149851
271229101
271619032
271655193
271697902
271905590
272558912
272981453
272987470
273017868
273443959
273878924
274210083
274224390
274456913
274605480
274936641
275282836
275736463
276243364
276481841
276564810
276697487
277419708
278067960
278460437
278879837
279010297
279579452
280103172
280301970
280459162
280569673
280846764
281055245
281564564
282190198
282283704
282386510
282595846
282720111
282835490
283245196
283394206
283489247
283756862
284190933
284249278
284298275
284396908
284520083
284650655
284886872
284967927
285347053
285548339
285686036
285897019
286084493
286098777
286171106
287326319
287602391
287682667
288575524
289618397
289674736
289961747
290089380
290151147
290274494
290650528
290982393
291198356
291342024
291471015
291474504
292662882
292772988
292776183
293389728
293494157
293673047
293903845
293935929
294542355
294648444
294864839
294948879
295281975
295677038
295760694
295786203
296586782
297131165
297153279
297405454
297605428
297674244
297849021
298007947
298326969
298450091
299215034
299264868
299851559
300450117
300644580
300720318
300748037
300994647
301537034
301851782
301985549
302480939
303136351
303410212
303524259
303657234
304019545
304360938
304839181
304849386
305134516
305252253
305389456
305398252
305944188
306196784
306406495
306779974
306855684
307311464
307420186
307499255
307609851
307887411
308143949
308295925
309030599
309293033
309593214
309978203
310022047
310200061
310214231
310292228
310366532
310952510
311067166
311523269
311588929
311664722
311676006
311774216
311801548
312248663
312848073
312994739
313334070
313385397
313584445
313599619
313973173
314482409
314772368
314960376
315233974
315279302
315464538
315468664
315545437
315570858
315597159
315609384
315932961
315968343
316108139
316201921
316695213
317044172
317072067
317563285
317605470
317716158
318332089
318423463
318494434
318774739
319814802
320183350
320463477
320491226
320525195
320858553
321173826
321273144
321372486
321746076
322423720
322425136
322529201
323040868
323456275
323490295
324054144
324401999
324770507
324899403
324930111
325245280
325360991
325658693
325708617
326874612
327117630
327176226
327313598
327519910
327585896
328482704
328650500
329101613
329138267
330020743
331040459
331283540
331358409
331475186
331482785
331981930
332638611
332969934
333485129
334083547
334607235
335171976
335515476
335897852
335940499
336005721
336249706
336667573
337009068
337039432
337481991
337901798
338086084
338801172
339458717
339571772
339819871
340121344
340631110
340836629
340915680
341261134
341359975
341442600
341612727
341964603
341970144
342529663
342535797
343338548
343426327
344083336
344180485
344606828
344723012
344898862
345455370
345460392
346095676
346347403
346510877
346566896
346600039
346947843
347318098
347655194
348010384
348112236
348269264
348284746
348499006
348751840
348752868
349000996
349172895
349256733
349341397
349400389
349513923
349774509
349950653
349965946
349995847
350136902
350264152
350514664
350599838
351028599
351215075
351298137
351495979
351889577
352037156
352577371
353015641
353071735
353178974
353224825
353254090
353822744
354730767
354870880
355086590
355533778
355882585
356062296
357646092
357664791
358350080
358357127
358381993
358432573
358705215
358744435
358956370
359003277
359021059
359569861
359693514
359709984
359826280
359906022
359955254
360090907
360193535
360865678
361028101
361072949
361262906
361334332
361358773
362227102
362230353
362237427
362316522
362640933
362661716
362675710
362780011
362805480
362811969
363416725
364056971
364160707
364486047
364619622
365426705
365523034
366245519
366578548
366586388
367437407
367608652
367924587
368967616
369459259
369724204
369738151
369924441
370003877
370189671
370301329
371097255
371520878
371527063
371802297
372527049
372596439
372632271
372745959
373050356
373353171
373408723
373492628
373848821
374069730
374430987
374491194
375761489
375805583
377192045
377234074
377433591
378125858
378341288
378440275
378479822
378517568
378522232
378714357
378881257
378977878
379064376
379128997
379432521
379985940
380259568
380355489
380776358
380874774
382412389
382440782
382600873
382772713
382807713
382817326
383507638
383837976
383935326
384861483
385319644
385324107
385654791
386242834
386349402
386472008
386571509
387819596
387892493
388520601
388540534
388938832
389121926
389553218
390082031
390730083
391035101
391654774
392030588
392628963
392738894
393013142
393474071
393526276
393686021
393854096
394360517
394465410
394871146
395181402
395343852
395613132
396049090
396113440
396215173
396320600
397069028
397140000
397393322
397712795
397719968
398082165
398694225
398966059
399049094
399553827
399777592
400001388
400010845
400288245
400661588
400765419
401160069
401721432
401886295
402161380
403291369
403929568
404345865
404849138
405021754
405098449
405284442
405761453
405766793
406078966
406122921
406322087
406545542
406600229
406604400
406885246
406972264
407334787
407439734
407545925
407580783
407889264
407994458
408007979
408284733
408492164
408517915
408540934
408594106
408936936
409597714
409664276
409700410
409912979
410717930
411267571
411674415
411721434
412316402
412324920
412354196
412594778
412620610
412991958
413074796
413135415
413240411
413321950
414986589
415259525
415811181
415878169
415892304
416151096
416160156
416487495
416734883
417071670
417133599
417203948
417432856
417907878
418367105
418452433
418814771
419022526
419043611
419253001
419390965
419441323
420746850
421052140
421334816
421706140
421883872
422344247
422412490
422588181
422911322
423346109
423571991
423897127
424222276
424464303
424552265
424574069
424852814
424910745
425119784
425465088
425498083
425525428
426130385
426432696
428089540
428302384
428747908
428954382
429198992
429345878
429367818
429543651
429812419
430211100
430505170
430726683
431062650
431064553
431093004
431466174
431474368
431648195
431852046
432054637
432115309
432358803
432555469
433365183
433833557
433841912
433865864
434506704
434562133
435026115
435229219
435230875
435615561
435782431
435802094
436244518
436757601
437186986
437821607
438032980
438255003
438295129
438644732
438741252
438824636
438832702
438889552
439115764
439193661
439226857
439256822
439454751
440045679
440199260
440344735
440401473
440602327
440817466
440862826
441162029
441644886
442147421
442266936
442489835
442788347
442951012
443031626
443252537
443386249
443441092
443454553
444716410
445002893
445264672
445390491
445540813
445639345
445734838
446218391
446673509
447021511
447237839
448055793
448527890
448780721
448912971
449439243
449491521
449514154
449943517
450278307
450465404
450702885
450745017
450761182
450884457
450959643
451410533
451421051
451534716
451553248
451993086
452405446
452842740
452888287
452954586
453052562
453749193
454115648
454977624
455610636
455640101
455749094
455760935
456658552
456741508
456945037
457141536
457889972
458265909
458297128
458883711
458895531
459275189
459796801
460234522
460261677
460301526
460516302
460520986
460752290
460777572
461577746
461738478
462138518
462402587
462609723
462629291
462848424
463282615
463333591
463637442
463647656
463783780
464845736
464873522
465073972
465731977
466235895
466477071
467042145
467346180
467347423
467966869
468375594
468981608
469192935
469233017
469303800
469718535
469976352
470025771
470199956
470474020
471058331
471312488
471508054
471615728
471630039
472669288
472676608
473000824
473517457
473521420
473600950
473694556
474167773
474329884
475038994
475308563
475574811
476050636
476068093
476275057
476425027
476566403
476654506
476945714
477272698
477364154
477612346
477614121
478077964
478341355
478528470
478648105
479655867
479765794
480221760
480268123
480375660
480445152
480619807
480837782
480895164
481082676
481341447
481488553
481536536
482221017
482362526
482610944
482646960
482678632
482873310
482903009
483176480
483527294
483553900
483666670
483723101
483728821
483781033
484363997
484476713
485008966
485047863
485216808
485631892
486113129
486683217
487136355
487811072
487863969
488070461
488356930
488975051
489157178
489380497
490097249
490226834
490413670
490806568
490889301
491073781
491205991
491288588
491912159
492130697
492423968
492547996
492848072
493470011
493857230
493946822
494139180
494220573
494350395
494551802
494554929
494581272
494673971
494986310
494992032
495155018
495233585
495495255
496135591
496392949
496474352
496743840
496915595
496986734
497166076
497294450
497297367
497348743
497366719
497404181
497435584
498174021
499006353
499064054
499158824
499411887
499437526
499439389
499994959
500030486
500290844
500574421
500697671
501500598
501542765
501738239
502015127
502020540
502393500
502897342
503180133
503286479
503454996
503461593
503472419
503559378
503899652
504314001
504455829
504750266
505161559
505361138
505507899
505984773
506108937
506180943
506221753
506229463
506306140
507612333
507805060
507858287
508174438
508365853
508686384
508688109
509208373
509702972
509774970
509971211
509987210
510173574
511364648
512261436
512270108
512813916
513129517
513229692
513395842
514117920
514348569
514472109
514544853
515146945
515215288
515805848
515872062
516121502
516243446
516821989
517120318
517275735
517472802
517838247
517879110
518083191
518837647
519237029
519275039
519525699
519841915
520757129
520942671
521284977
521517249
521626397
522834663
523566371
523783307
524182684
524221392
524306494
524560232
524775448
524922344
524977384
525281194
525451799
525612782
525917654
526323946
527518575
528256539
528315877
528915137
529735879
529741102
529782873
529823949
530022942
530491346
530776752
530962062
531487192
532328472
532474064
532790123
533248134
533592172
533946755
534051280
534122699
534619670
534919100
534940549
535559324
535729189
535997729
536030229
536302290
536596796
536807541
536815808
536897024
536903575
536989706
537024866
537146758
538172592
538585352
538607766
538874962
539202534
539404124
539540022
539681542
540030668
540255270
540416192
540428572
540707188
541110520
541210086
541347900
542214956
542246949
542667851
542725869
542928685
543342946
543491269
543526424
543649999
543694265
544062603
544983806
545082116
545198999
545223783
545279286
545523548
546497641
546990886
547410457
547704754
547732865
547751821
547840140
548044475
548097743
548189690
548331730
549289092
549529145
549713520
550371221
550546517
550769158
550999035
551038079
551061729
551114438
551122717
551379330
552061736
552195063
552238706
552439631
552669850
552894440
552942470
553751049
554083535
554243424
554283309
554341823
554417452
554456302
555320787
555772963
557123051
557856851
557865922
557938331
558758045
558958245
559472562
559643994
559762552
560192193
560604390
561014606
561297262
561424564
561554105
562261247
562430294
562467610
562482143
562644963
562858515
563393701
563580010
564065693
564100933
564137722
564913709
565673818
566259044
566381357
566385537
566526668
566785764
566976587
567129639
567417177
567435063
567720258
568342431
568992057
569354759
569711633
569751067
569898812
570188791
570548841
571055420
571711851
571888042
572198470
572480975
572677224
573384180
573606684
573628872
574103842
574468680
574821384
575276066
575967362
576324058
576911167
577039883
577108379
577350167
578042867
578238327
578276195
578336516
578355907
578751791
579076034
579167792
579170244
579678542
580205700
581028298
581049671
581708158
582344910
582677838
582941750
583516358
583655792
583922983
584579774
584719623
584782249
584809338
585169881
585273463
585786968
585861381
586186285
586290544
586459067
586753527
587376611
587591986
587980616
588760719
588813724
589277311
589820913
590056433
590340742
590753997
590909813
591137471
591175941
591205383
591378162
591395442
591407783
592397825
592457819
592790322
592805096
593181238
593443459
593593667
593973392
593996301
594031639
594263334
594325037
594660796
594717851
595343943
595430108
595717750
595736765
595741770
596265716
596303981
596468851
596648036
596678974
596777733
596928562
597158878
597753922
597858252
597867863
598518871
598711625
598935214
599344671
599449255
599567341
600128096
600182604
600295935
600901134
601251594
601356465
601504367
601660131
601820997
601996757
602181008
602382710
602478674
603128862
603260369
603893066
604225201
604470211
604681897
605361902
605450174
605704323
605997679
606039209
606203276
606808455
606838190
606961542
607001678
607011527
607289502
607654876
607661022
607938748
608428760
608464347
608747564
608776000
609377836
609623455
609668706
609855082
609934384
610065011
610485463
610982722
611414090
611565938
611576929
611647323
611973464
612046554
612321718
612387556
612720669
612979185
613193446
613617173
613618581
613779937
613856614
613942567
614401800
614485741
615185796
615651974
615747139
616056448
616278298
616560352
616686457
617097485
617352616
617643320
617769973
618336765
618810906
618865307
619176993
619200098
619299549
619390248
619562431
619870800
619885442
620048162
620621442
620803305
620971258
621502568
621751171
621974819
622095274
622871303
622882436
623437024
623550173
623856292
624449271
624654301
624849173
625055650
625302137
625755516
625766597
625788339
626483880
627221941
627320239
627936673
628100596
628309816
628391927
628668967
628822196
629078054
629514200
629799085
630097404
630177505
630263180
630497874
630871596
631228690
631394163
631470045
631778662
632004826
632180185
634206394
634234231
634452155
635167538
635297482
635313723
635726955
635854828
636617301
636635779
636985152
637096765
637248990
637571021
638329408
638333061
638637830
638807876
638843231
639048174
639142911
639160759
639163304
639246608
639456621
639716339
639968101
640036764
640056416
640061524
640296333
640352060
640469411
640554710
641542921
641631239
641718762
641724328
641834489
641857683
642280220
642405143
642786532
643878234
644149066
644423961
644722004
644964343
644973656
645039205
645057019
645085804
645384711
645546496
647047747
647317908
647621772
647798637
647800535
648096929
648129948
648207969
648884536
649527639
650080095
650808954
652165521
652463870
652783287
652935333
653258508
653313761
653423364
653520203
653560422
653828487
654628940
654723341
654791696
655198400
655278691
655375284
655378041
655390455
655393589
655900624
656401453
656619548
656756947
656997170
657143976
657164000
658376987
658466956
659360249
659366128
659375690
659472036
659746488
659782924
659922051
660971534
660986024
661088906
661204095
661388164
661431322
661837427
661991836
662365982
662579784
662777781
662844346
663234710
663262576
663288013
663405180
663430424
663891484
664069454
664273938
664594366
664658179
664936275
664991566
664999668
665564492
665710170
665719911
666125869
666462082
666819179
666912818
667530155
668648372
668850747
669162923
669218506
669710165
670214126
670298531
670527324
670527471
670673978
670726535
671216282
671449481
671845966
671974224
672301267
672447663
672492737
672567673
672676911
673699665
673964490
674193170
674328478
674360586
674398711
674530111
675264594
675644019
675774019
675880877
675925235
676726338
676888888
677052252
677347097
678368160
678477414
678500668
678602421
679071463
679380930
679447377
679721110
680752228
681070642
681807375
682112981
682398755
682453149
682572439
682599717
682907948
683064041
683581229
683665901
683689366
683878812
683962032
684333525
684743195
684757540
684800630
684857726
685372005
685663002
685850851
686290002
686642068
686651034
686658153
687010842
687039699
687476949
687720104
687770604
688286499
688366913
688542788
689073180
689155719
690486447
692107906
692312458
692563917
693075441
693445844
693693506
693746787
694067224
694153911
694207213
694810282
694842650
695054287
695694805
695717253
695976653
696171695
696870685
697359203
697828393
698212455
698827509
699214238
699235097
699543379
700013996
700661805
700797243
700895304
700945468
701094735
701161020
702096967
702306622
702611116
703374576
703513806
703905137
703955912
704011177
704122969
704302464
704333795
704435674
704511505
704554757
704818281
705023038
705465546
705623329
705828655
706205475
706279657
706301126
706640620
706646627
707385411
707535504
707579661
707616171
707708686
707974153
707984234
708592740
709055393
709216795
709272944
709993987
710001145
710306007
710378144
710403258
711228853
711703245
711793627
711864632
712063980
712434697
712885218
712983213
713064393
713297908
713339060
713578852
714441880
714685084
714698298
715080688
715168068
715171165
715498626
716525682
716549255
716549449
716721588
717613271
717737755
717877423
718164163
718314439
718428644
718859759
719099788
719143870
719344713
719412420
719507435
719578169
719592399
719903004
720696775
720703282
720859075
721063434
721231772
721760295
721808670
721870316
722461689
722537262
722670765
722767430
723130856
723191027
723329234
723363446
723539869
723950520
724591793
725416059
725909707
726297346
726857689
727016893
727392208
727649412
728110080
728219527
728268359
728666001
728668532
728713455
728757991
728799083
728870498
729014245
729106128
729206650
730055472
730217166
730316164
730644101
730796523
730856862
731790823
733018209
733023382
733584239
733849771
734176750
734319723
734553516
734931730
735750523
735800800
736443438
736946606
737103205
737746620
737971229
738091670
738235050
738975751
739274671
739343613
739447894
739575267
739937072
740202800
740372664
740641518
741017453
741170399
742371099
742427783
742595841
742768595
742958228
743066027
743150902
743154715
743199848
743461490
743822763
743971605
744133305
744331096
744691387
745317625
745654372
745811608
745983218
746227047
746840237
747125461
747366743
747398594
747432831
747712937
747720323
747805343
748013247
748527447
749029577
749223504
749727487
749843783
749850336
750421979
751042092
751228968
751753352
752118131
752371845
752404707
753851180
753961096
754042532
754260459
754314050
754863491
755064859
755207458
755293372
755516355
755662889
755865948
755914836
755990583
756164867
756573278
756603408
757235635
757342361
758391674
758581428
758763018
758846564
759385550
759554113
759634771
759804319
760010185
760180875
760255920
760260688
760391291
760408157
760416171
760604910
760986159
761162929
761620576
761734052
761760509
762181320
762389529
762640641
762956753
763497712
763538294
763736660
763833272
764384411
764470715
764620919
765266825
765273075
765362219
765788553
766254188
766448813
766513669
766575241
766618577
766762787
767143166
767516094
767690267
767891483
767989686
768067091
768388552
768431080
769133013
769629204
769722361
770060210
770072354
770163102
770188396
770962972
770985246
771043917
771049899
771324470
771511720
772585408
773076504
773381991
773526954
774124226
774252697
774253950
774454004
774555274
774705687
774891932
775158590
775773245
776488528
776504214
776724028
777079744
777098365
777184970
777675544
778037668
778152283
778179152
778226186
778296590
778889411
778900729
779120326
779253587
779740845
779849838
779972399
780122520
780207815
780496390
781126680
781178797
781414196
781719832
782019757
782184791
783235672
783309258
783440502
783525072
783592782
783597701
783815874
784277503
784449018
784507665
784518761
785047301
785089747
785303563
785605288
785693734
785865787
785897656
786064567
786236999
786581249
786737395
786913165
786974002
786989948
787267156
787614979
787820746
788062598
788402482
788425202
788798104
789302410
789842430
790228840
790235073
790281503
790291160
790772920
790846638
791370610
791450888
792286185
792887422
793022904
793388097
793898485
794084909
794316580
794806016
794985082
795046065
795374113
795430347
795519999
795793204
796102200
796137922
796371641
796381438
796389312
796450126
797184059
797412984
797438246
797706580
797828408
797870152
798621079
799177386
800238775
800336038
800660229
800670364
801255281
801657433
802049673
802051505
802335555
802530260
802534786
802981132
803049009
803101796
803125432
803220357
803367665
803419731
803521983
803524905
803566389
804185171
804421721
804547348
804599435
804629191
804911211
805185204
805488485
805606156
806261533
806849997
806945318
807515477
808076715
808212523
808218701
808466249
808516791
809144021
809337218
810071283
810517888
811364545
811366463
811403583
811816366
812235238
812461964
813061938
813213626
813282597
813577487
813819851
813979636
814022095
814351711
814644150
814665761
814697567
815471958
815492515
815535582
815692408
815884045
816139378
816748765
816993342
817673601
817816429
817889657
818125133
818264542
818329716
818712031
819197966
819246114
819643363
820816321
820869405
820917793
821364057
821509549
822205566
822228138
822424260
822580589
823014152
823142246
823544493
823703456
824106896
824658331
825244378
825698429
825703945
826082482
826678306
826703589
827268443
827631632
827849078
827862615
828130172
828142526
828606630
828769730
828830852
829190063
829386416
829390916
829542476
829774311
829809359
829983592
830841458
831718661
832191519
832210292
832237811
832502997
832761047
832923404
833238481
833748739
833805533
834473270
834722532
835034564
835109255
835250232
835407649
836042151
836044878
836114509
836122040
836356618
836530050
836959239
837241997
837288243
837422057
837590002
837873867
838413339
838433901
838641864
838672112
839048616
839054224
840147861
840200124
840607466
841161075
841170957
842081059
842359192
842489125
842584646
842831716
843042757
843568550
843745672
843891331
843931111
844347475
844552918
844794984
844849643
844914587
844965951
845205071
845249069
845335221
845407944
845483384
846399514
846729153
847377975
847534391
847799627
847899763
848950358
849387278
849790840
850070781
850079066
850347090
850437905
850476258
850522033
850717008
851294593
851338800
851580907
851603376
851611014
851785273
852181936
852446882
852665804
852688619
852874338
852894095
853062931
853599477
853741262
853748126
853753380
854169436
854543050
854755146
854839679
855480089
855764899
855917443
856041695
856208320
856268709
856908581
857044470
857476349
857519725
859084271
859402149
860525164
860557617
860699831
861189475
861191032
861408630
862029619
862234042
862633399
862654899
862899153
862905415
863199606
863207796
863282672
863993328
863998291
864197865
864565251
864611265
864723266
865641640
865854839
866049039
866233812
866675408
866858487
866943431
866976786
867306246
867429578
867560494
867598932
867787944
867796462
867879442
868338777
868638451
869510619
870294057
870361002
870404795
870638414
870644775
870783482
871435772
871556900
871569457
871958115
872093923
872195451
872351443
872540316
872610609
872891530
873416741
873776292
873962416
874055349
874131958
874361969
874476911
874595090
875047469
875401277
876311169
876827533
877118402
877583007
877612546
877790600
877923335
878361103
878375736
878539778
879006388
879338828
879434242
879489600
880203678
880232072
880322679
880512745
881064680
881163366
881938270
882156636
882978372
883035673
883051871
883109267
883571558
883798053
883845541
884183522
884790699
885554736
886280163
886419429
886431548
886448781
886822814
886848129
886935286
887247430
887787846
887933892
888045881
888063343
888456939
889148189
889597523
889618893
889695138
889811897
889930072
890207324
890508851
890610476
890630495
891704212
891832620
892225631
892352166
892931977
893238753
894168625
894341734
895283512
895536375
895726304
895812235
896154095
896371691
896481719
896784309
897016955
897144298
898207488
899354610
899585671
899639315
899711551
900392905
900548118
901124214
901384563
901612177
902175421
903111141
903397192
903610338
903940584
903942682
904346382
904484573
905211578
905216986
905274224
905670165
905711446
906152437
906233205
906768550
906875550
907073195
907130626
907283241
907898207
908233581
908338485
908346626
908502820
908692908
908864681
908976449
909078917
909085724
909173769
909194108
910154405
910382719
910761359
910783662
911054532
911335123
912052195
912346771
912478755
912660407
912830215
912873145
912943552
913277890
913488813
913503014
913696181
913768012
913920834
913955794
914179641
915023961
915063313
915150933
915406269
915641656
915812609
916095704
916154564
916178448
916200242
916211339
917133527
917441838
917707707
918164241
918634134
918709231
918812193
919156954
919432303
919713950
919771812
920334605
920375277
920933112
921007952
921058682
921208596
921272137
921523018
921807559
921825691
922351118
922478004
922504077
922608307
922631907
923288150
923897462
923923061
923947317
924125375
924202979
924564852
924635449
924679339
924898994
925032819
925455943
925812481
926002302
926783549
927124378
927382456
927410922
927682599
927925897
928138813
928382326
928778093
928839796
929240073
929748057
930063759
930402908
930844238
930899756
931636904
931744573
931945125
932041360
933031119
933224095
933330493
933397409
933487989
933562235
933941596
933957857
934556642
934561279
934929929
934961924
935192030
935620780
935801683
936274892
936365101
936428290
936428349
936468730
936482263
936548989
936710301
937120592
937300758
937785789
937905105
938393475
938931865
939452668
939888181
940319545
940506403
940587843
941019233
941068184
941742639
942010129
942162523
942249843
942809106
942823775
942964336
943173090
943253404
943668477
943895633
944072684
944550760
944967513
944973918
945083947
945290131
945595935
945619271
945707624
946359204
946563144
946752662
946762965
946788487
947082170
947546497
947952145
947976505
948807717
949076536
949118800
949306452
949322819
949593077
949959301
950002422
952361127
952535598
952560671
952835970
953110959
953383689
953398501
953588807
953844426
954340224
954405170
954587582
954726437
954732930
954952053
955050546
955414011
956199688
956299916
956498661
956593129
956854015
957334277
957425618
957537706
957613418
957922127
957990501
958023964
959301677
959337210
959503636
959698194
960303300
960404597
960469015
960469912
960541539
960969949
961214367
961558286
962629134
962820053
963746341
964217104
964400214
964439641
964454428
964639877
964943416
964985540
964991800
965130155
965664825
965925761
966048059
966075469
966123263
966790547
967127941
967262281
967394942
967490259
967584185
967839572
967865629
968012450
968508714
968525865
968541787
968986439
969237562
969267114
969553988
969615891
970128982
970387781
971360528
971631097
971809519
973234142
973517514
973564633
974287687
974608020
975188541
975291346
975317909
975807809
976459524
976704196
976825692
977079638
977711604
977868631
978036783
978292006
978349469
978399642
978456258
979152882
979278581
979326657
979499159
979536184
980231962
980638263
980672425
981369343
981574029
981732944
981827303
981923057
981933820
982095995
982107280
982244024
982266936
982417228
982425493
982531411
982635053
982644554
982963938
983527230
983652858
983784506
984813086
985119562
986130459
986598546
987084628
987112775
987130180
987558993
987606206
987866399
987973773
988013660
988498523
988798965
989285897
989943089
990734099
990807897
991313029
991439943
991791765
992422454
992530064
992736340
992879453
993549660
994049544
994655079
994741737
995142008
995363873
996410438
996427540
996845633
997478244
997677066
997726727
998090601
998216322
998301443
999318921
999386587
999408449
999421008
999687480
999831031
999980128
1000091701
1000173325
1000608939
1000619839
1000649586
1000807304
1001437968
1001559540
1001593892
1001645131
1003070974
1003316272
1004930745
1005060048
1005155577
1005162278
1005242837
1005548133
1006201806
1006374074
1007720557
1007909635
1008477284
1008630517
1008851924
1008859377
1008878965
1009097619
1009425871
1010450043
1010639471
1010769146
1010936143
1010960417
1011380574
1011905466
1012366628
1012509934
1012970916
1013037249
1013046738
1013297648
1013412635
1013472058
1014029931
1014061334
1014133348
1014134415
1014242788
1014287287
1014500989
1014869448
1014987719
1015239750
1015657914
1016017106
1016050353
1016161662
1016315082
1016603820
1016802428
1016915585
1017044309
1017357535
1017686534
1017897393
1017991978
1018025271
1018670003
1018861598
1018887344
1019161398
1019543443
1019727762
1019804299
1020681641
1021010983
1021021201
1021289534
1021783622
1022053311
1022075860
1022280026
1022411097
1022439704
1022684306
1023164721
1023165363
1023223977
1024211864
1024382142
1024430740
1024630853
1024896902
1025076362
1025223244
1025558710
1025709771
1025717339
1025924287
1026698495
1026881423
1026984839
1027137351
1027229141
1027756560
1028018068
1028281509
1028530343
1029716555
1030040174
1030230537
1030399349
1031056242
1031415274
1031450336
1031459088
1031473473
1031554462
1031663294
1031890065
1032018113
1032095421
1032253706
1032630594
1032712258
1033047908
1033068416
1033903265
1034388013
1034604903
1034915578
1034916896
1035128737
1035210049
1035293022
1035512831
1035666596
1035841347
1036322567
1036353325
1036976873
1037219686
1037643475
1037696323
1037980023
1038272843
1038600437
1038765251
1039046551
1039135285
1039317426
1039536161
1039781371
1039835075
1040001951
1040067175
1040177208
1040243126
1040461667
1041140047
1041262936
1041784189
1041857668
1042284492
1042343401
1042690780
1043195041
1043372949
1043492174
1043860433
1043935620
1043977817
1044080341
1044736496
1044991204
1046119960
1047841042
1048029819
1048189987
1048353372
1048372286
1048801217
1049182397
1049639709
1050944575
1051007581
1051035084
1052416819
1052938171
1053179350
1053271894
1053519653
1055208331
1055369838
1055380597
1055555925
1055678217
1055793043
1055828687
1055849393
1055875746
1056058154
1056437652
1056618657
1056628875
1057549590
1057748503
1058067587
1058180282
1058555249
1058613455
1058663256
1058959096
1059039271
1059111695
1060213623
1060772548
1060939217
1061104252
1061121503
1061156730
1061176582
1061418933
1061454770
1061561572
1061861102
1061981755
1062268157
1062438531
1062712464
1063167129
1063266783
1064439948
1064698431
1065172827
1066046404
1066440441
1066523826
1067402709
1068146169
1068204173
1068429416
1068500103
1068565628
1069100288
1069100618
1069140481
1069286122
1069338224
1069458672
1069459163
1069459382
1069587183
1069679424
1069698324
1070139757
1070164225
1070268190
1070503037
1070864371
1071076977
1071667831
1071675768
1071855094
1072065745
1072195254
1072671384
1072798411
1073159197
1073178646
1073273628
1073289031
1073675567
1074198828
1074342788
1074397811
1074557739
1075002017
1075106889
1075238847
1075358377
1075377019
1076104028
1076279737
1076661688
1076818116
1076947820
1077241557
1077337558
1077667479
1077762652
1077788002
1077896948
1077970361
1077972082
1078053166
1078082087
1078294870
1078352714
1078764370
1078987618
1079247878
1079358536
1079745675
1080200077
1080374419
1080495486
1080936755
1081314010
1081898819
1082256677
1082434265
1083354277
1083579615
1083809926
1084268727
1084270282
1084703385
1084940938
1085075667
1085170051
1085247008
1086196162
1086235449
1086830518
1087264227
1087365664
1087447040
1087701602
1087788075
1087845105
1087985209
1088399393
1088886069
1088923837
1088958902
1089059666
1089242104
1089533187
1089574025
1089615109
1089961312
1090182409
1090799140
1090995505
1091451390
1091490980
1091559560
1092513138
1092965890
1093704406
1093732933
1094467830
1094543321
1094663204
1094977584
1095576234
1095672353
1095708587
1096096919
1096568392
1096642157
1096983229
1097032436
1097527005
1097787756
1097794623
1098404703
1098484114
1099015291
1099154954
1099693029
1100151770
1100487789
1100572922
1100853162
1100953191
1101043301
1101461599
1102077021
1102175519
1102774351
1103120667
1103250717
1103633133
1103763832
1104415023
1104816641
1105324646
1105655106
1105752295
1105856076
1105878210
1106147897
1106415753
1107082949
1107445723
1107913082
1109337231
1109343836
1110553582
1110576745
1110648960
1111139965
1111548497
1111626510
1111945033
1112316382
1112399451
1112618127
1112649264
1113063017
1113150239
1113801033
1113802264
1114211060
1114354358
1114462767
1114981754
1115121565
1115201952
1115610629
1115747819
1115891045
1116372186
1116450914
1116781890
1116911090
1117064637
1117278058
1117581933
1117884257
1118818016
1119072930
1119466609
1119597488
1119769525
1119796675
1120814857
1121084539
1121629791
1121985006
1122091906
1122403360
1122525984
1122842095
1123128589
1123215799
1124085974
1124559002
1124897638
1124950946
1125064059
1125177119
1125489675
1126015255
1126053230
1126497603
1127179594
1127250835
1127660081
1127872297
1128265519
1128521856
1128924212
1129106088
1129707629
1129987429
1130205456
1130246409
1130323049
1130523351
1130712715
1130888086
1131002986
1131021360
1131527792
1133697862
1134128943
1134405679
1134923796
1135005487
1135106821
1135494817
1135536534
1135965373
1135991560
1136184190
1137119898
1137232626
1137377770
1137816593
1137898926
1138257919
1138475093
1139031559
1139223513
1139496496
1139828041
1140366341
1140591295
1140671448
1140833905
1141321529
1141439470
1141619471
1141927407
1142164709
1142585555
1142843195
1142964252
1143010281
1143263323
1144372092
1144402750
1144488594
1145616854
1145823595
1145860728
1145937542
1146050552
1146312211
1146368276
1146489700
1146559918
1147491617
1147499867
1147537604
1147619483
1147944174
1147965279
1147985523
1148050144
1148079836
1149184258
1149237101
1149339126
1149901073
1149913393
1150325436
1150426084
1150654231
1150949945
1150961131
1151315577
1151475350
1151850331
1151871625
1151905074
1152865405
1153030946
1154146537
1154854518
1155009389
1155372090
1155473535
1155575484
1155682528
1155799458
1155850712
1156086427
1156353181
1156421493
1156929792
1156978206
1157132318
1157574069
1157803306
1158257059
1158303198
1158414091
1158468295
1158689491
1158803135
1158979966
1160138248
1160194813
1160459101
1160541698
1160783972
1160964704
1161218852
1161920968
1162135622
1162206424
1162356274
1162488090
1162721721
1163104873
1163120144
1163466339
1163731147
1163814318
1163842779
1164001692
1164121956
1164180805
1164332968
1164343746
1164566743
1164820532
1165181658
1165223653
1165735717
1166107397
1166261393
1166403531
1166565682
1167139831
1167279749
1167343865
1167835542
1167913355
1168083127
1168174592
1169535916
1170108087
1170792096
1170988237
1171225641
1171695859
1171862722
1172567956
1172637330
1172641229
1173223946
1173814388
1174935404
1175137510
1175391963
1175540016
1175552541
1175698358
1176514125
1176684620
1177172711
1177231739
1177593735
1177982696
1178545451
1179243070
1179340408
1179684439
1179689581
1179777106
1180030149
1180259681
1180321369
1181354359
1181803053
1182231376
1183169448
1183372233
1183616151
1183623897
1183708250
1184443329
1184652379
1184911994
1185060498
1185214708
1186234039
1186284646
1187064968
1187197363
1187416539
1187513464
1187553545
1187572300
1188129102
1188259243
1188655915
1189082042
1189649883
1190640575
1191292772
1191333920
1191842089
1191905565
1191940907
1192349579
1192782795
1192895643
1193136707
1193646558
1193664831
1194117059
1194289714
1194837383
1194881044
1195093026
1195151294
1195154888
1195191025
1195253798
1195312120
1195477758
1195613547
1195876341
1196073215
1196164510
1196290752
1196339965
1197206436
1197552278
1197703226
1197836336
1198295819
1198973955
1199189437
1199326980
1199605290
1199849211
1199856430
1199968513
1200027366
1201435613
1201496430
1201537589
1201639877
1201661930
1201717323
1201882715
1202023003
1202232182
1202388394
1202673862
1203377863
1203678236
1203759312
1204018234
1204297076
1204997123
1205158639
1205314017
1205940376
1205994791
1206336827
1206376247
1206777265
1207074759
1207144780
1207305000
1207590297
1207593541
1208050932
1208246607
1208277956
1208285909
1208766441
1208913730
1209019199
1209444628
1209465885
1209779732
1209785230
1210181499
1210439698
1210463137
1211201681
1211274169
1211476038
1211558703
1211579276
1211751254
1211878937
1211964176
1211987290
1212580698
1212833506
1213034404
1213184310
1213387011
1213769031
1214023096
1215335549
1215391843
1216456860
1216812013
1216934379
1216987438
1217085658
1217228758
1217371329
1217386244
1218163434
1218223361
1218668556
1218806876
1218884192
1219470448
1219583825
1219931608
1220010171
1220022757
1220076489
1220495215
1220906762
1220962009
1221038390
1221226381
1221549371
1221896811
1222366948
1222403947
1222484275
1223330704
1223566038
1223568270
1223806998
1223809183
1224145671
1224298545
1224849921
1224909511
1224955582
1225082193
1225414108
1225434604
1225528377
1225551446
1225982750
1226092022
1226123208
1226477752
1226499339
1226640675
1226755003
1226973486
1226975840
1228483987
1228571080
1228633051
1228847167
1229248636
1229414846
1229426514
1229474184
1230326563
1230619800
1231579961
1231691932
1232315727
1232647380
1232717037
1233066421
1233417419
1234017541
1234185520
1234215817
1234271237
1234419920
1234561684
1234709914
1235073288
1235408928
1235474206
1236198279
1236308249
1236664003
1237146753
1237530242
1237799327
1237855173
1237927774
1238766033
1238985842
1239296836
1239720824
1239832486
1240139918
1240273105
1240376566
1240582448
1240992187
1240996547
1241221652
1242485178
1242492607
1242643952
1242688146
1242696349
1242723981
1244431574
1244751943
1245039697
1245716983
1246322923
1246389843
1246427325
1246827547
1247600090
1248550847
1248665432
1248893020
1249583911
1249952591
1250192380
1250731048
1251133543
1251502122
1251633347
1251902497
1251936489
1252207133
1253085617
1253481137
1253520176
1253567079
1253680398
1253704668
1253996587
1254213332
1254318304
1254544568
1255258106
1255367484
1255747128
1255814308
1256622141
1257210144
1258126243
1258206227
1258322589
1258562895
1258606970
1258821164
1259313425
1259328911
1259421538
1260239373
1260432496
1261026423
1261600637
1261880916
1262258213
1262322618
1263711046
1264067348
1264331105
1264536197
1264582519
1264613958
1265405449
1265570615
1265782577
1265925594
1266202033
1266748166
1266838715
1267795887
1267837739
1267859647
1268110430
1270077707
1270594776
1270694689
1271088530
1271154511
1271685323
1272336062
1272486366
1272553695
1272592398
1272916631
1273526176
1273671682
1273814241
1274184869
1274222198
1274222631
1274491432
1274757013
1274835539
1274846650
1275069876
1275234384
1275451477
1276216141
1276483079
1276618279
1276766017
1276790802
1276798531
1276921516
1276967785
1277166379
1277747861
1278823770
1279291047
1279388615
1279970078
1280153399
1280179024
1280211836
1280228081
1280420161
1280614437
1280844761
1281240282
1281243765
1281254075
1281306538
1281595535
1281809694
1282140662
1282231539
1282346518
1282450610
1283370345
1283660912
1283895427
1283905282
1283963215
1284211189
1284276004
1284745479
1285384832
1286219506
1286395126
1286654003
1286873976
1286952758
1287110370
1287221635
1287333324
1287630246
1287708443
1287832980
1288100688
1288112046
1288518838
1289160056
1289165425
1289425373
1289684302
1289948048
1290018243
1290051729
1290504662
1290642661
1290696651
1290767183
1290800522
1290971993
1291777438
1291932745
1291945892
1292060848
1292654435
1292666783
1292933279
1292985285
1293010149
1293043079
1294356443
1294903773
1295291934
1295298030
1295450124
1295649006
1295728542
1296280811
1296293971
1296313754
1296596777
1296784062
1296834949
1297031553
1297098479
1297131671
1297145075
1297293969
1297566870
1297807578
1298432182
1298807359
1300067743
1300342553
1300459337
1300799722
1300906138
1301143025
1301211213
1301953102
1302511607
1302668019
1302742941
1303138783
1303293158
1303398152
1304057470
1304960766
1304995481
1305158102
1305550418
1305866165
1306128463
1306541344
1307021093
1307025770
1307371614
1307871664
1308222329
1308399404
1308632766
1308955857
1309138549
1309339577
1309533153
1309918966
1310059954
1310137271
1310532408
1310834592
1311124662
1311254534
1311515305
1311539391
1311728432
1311756161
1312114340
1312171784
1312173659
1312517786
1312855947
1312929562
1312945629
1312989193
1313420151
1313757770
1313827384
1313932615
1314770143
1314882925
1315787026
1316204966
1316251385
1316391509
1317172565
1317862588
1317870847
1317954794
1318147073
1318214873
1318347945
1318599248
1318960586
1319359420
1319646337
1319998884
1320359364
1320586116
1320656055
1322457516
1322636770
1322730970
1322740785
1323218722
1323320556
1323853139
1323860055
1324016624
1324533345
1324542961
1325365363
1325737467
1326263448
1326445056
1326596731
1326772947
1326884756
1327185045
1327257770
1327739012
1327948693
1327986803
1328258481
1328652773
1328872688
1329097640
1329692505
1329719867
1330209382
1330660058
1330925788
1330963496
1331371769
1331946269
1332330916
1332593285
1332785502
1333196200
1333354400
1333622062
1334096044
1334184895
1334421699
1334442367
1334448931
1334710188
1334965092
1335187192
1335280552
1335785378
1336064968
1336254539
1336938414
1337210812
1337393796
1338057278
1338058903
1338142580
1338996007
1339019409
1339131153
1339333108
1339746269
1339854151
1339952140
1340512363
1340935319
1341087005
1341324738
1341551929
1341713053
1342287023
1342608036
1342796796
1343504337
1343734677
1343796646
1344122556
1344354006
1344537372
1344564276
1344632287
1345324783
1345394549
1345656189
1345821070
1346622064
1346699774
1347199651
1347375867
1347575646
1347630744
1347876335
1348251578
1348484848
1348486392
1348624443
1348659970
1348676323
1348776930
1349548159
1349589925
1349590379
1349806590
1350092898
1350102107
1350213864
1350496504
1350703928
1350921843
1351731273
1352184243
1352209532
1352314674
1352878151
1352903222
1353163071
1353611756
1353826539
1354164406
1354496975
1354928407
1354978210
1355352411
1355429677
1355766019
1356112788
1356145820
1356192560
1356394011
1356417296
1356518105
1356575896
1356586840
1356706135
1356920474
1357080071
1357140244
1357391934
1357467255
1357470974
1357675556
1357866836
1357882799
1357891725
1358323725
1358410463
1359083869
1359178387
1359287685
1359335064
1359491263
1359502008
1359558658
1359622707
1359770717
1359899332
1359937527
1360212153
1360303045
1360559941
1360588674
1360766782
1360851756
1360907215
1361000697
1361338616
1361584090
1362085980
1362172951
1362353276
1362388549
1362502817
1362592886
1362728906
1362936684
1363187702
1363294502
1363380569
1363584101
1363974488
1364629889
1364741461
1364774910
1364965743
1365087223
1365286857
1365684925
1365784668
1365794915
1366000995
1366045091
1366232856
1366596413
1366597039
1366741167
1366999021
1368635506
1368731913
1368774237
1369180049
1369872211
1369907235
1369942167
1370494432
1370550778
1370565834
1370738445
1371065150
1371402003
1372147554
1372405942
1372441016
1372785513
1372898708
1373363016
1373980450
1374349759
1374421782
1374795942
1375147736
1375329568
1375553015
1375832849
1376050990
1376112925
1376696884
1377082134
1377581349
1377673280
1378090986
1378353552
1378671124
1379667762
1379926008
1379974897
1380185657
1380289263
1380326129
1380722402
1380798960
1381041181
1381077495
1381129286
1381140066
1381347560
1381871095
1382650525
1383305202
1383354492
1383500865
1383509984
1383664127
1383700451
1383772229
1383954372
1384087839
1384873065
1384919014
1384976285
1385306950
1385651284
1386184653
1386506140
1387531060
1387585596
1387612148
1387660728
1387678056
1387699357
1387990100
1388447144
1388676640
1388715094
1388738694
1389137528
1389408436
1389973805
1390250648
1390431533
1390523246
1390683590
1391160255
1391790276
1392063463
1392305944
1392665445
1392889757
1393582537
1393952644
1394160287
1394232805
1394383023
1394726948
1394787803
1395382326
1395810968
1395940360
1396772092
1397615497
1397807386
1398063598
1398360983
1398414257
1398570896
1399017926
1399022166
1399132930
1400249480
1400435603
1400859832
1400862671
1401041943
1401159250
1401933696
1402095040
1402241488
1402645836
1402681137
1403015752
1403686034
1404382529
1405111596
1405183410
1405673260
1406070887
1406227438
1406274273
1406669742
1406712683
1406869635
1407465909
1407577619
1409119842
1409672324
1409916358
1410248740
1410556929
1410585609
1411189353
1411486533
1411579246
1411698351
1411803207
1412527876
1412687769
1412800971
1412865131
1412894558
1413029498
1413253520
1413263597
1413373478
1413626303
1413695027
1414014258
1414479184
1414592674
1414952838
1415096591
1415288827
1416022489
1416910111
1416991672
1417007621
1417703532
1417761546
1418045764
1418174028
1418367848
1418501007
1418864351
1419351705
1419894556
1420082335
1420095853
1420613739
1420749117
1421019037
1421770716
1421958282
1421960314
1422204495
1422290519
1422757080
1423019775
1423602531
1423760548
1424197982
1424363337
1425004719
1425118097
1425126841
1425266828
1425591410
1425825542
1425898473
1425994932
1426708333
1426712494
1426882097
1427531563
1427833309
1427971452
1428225607
1428310965
1428351692
1429258012
1429671205
1430506138
1430582420
1430727705
1430791303
1430965365
1431198531
1431566170
1431653909
1431677482
1431813910
1432487390
1432893622
1433032205
1433568858
1433632504
1433777764
1434007960
1434633943
1434860175
1435337738
1435389215
1435599669
1435634549
1435787826
1435885295
1435903610
1437118052
1437228594
1437635491
1438441330
1438730772
1438746655
1439018447
1439069579
1439249338
1439909866
1439916477
1440857800
1441009060
1441948709
1442250334
1442521851
1442559786
1442581888
1443066663
1443164898
1443188340
1443305333
1443373671
1443461491
1444077041
1444326108
1444997389
1445084197
1445227498
1445227957
1445269244
1445490668
1446144864
1446222036
1446366002
1446782541
1446924624
1447068176
1447198649
1447237107
1447307946
1447569147
1447592559
1448202216
1448206157
1448591888
1448605822
1448667499
1448750216
1448962252
1449206039
1449292263
1449538552
1449620974
1449623059
1449825696
1450389414
1450696296
1450777836
1450949922
1451016617
1451195007
1451567366
1451704965
1452094077
1452198740
1452554470
1452640743
1452654836
1453062988
1453063079
1453069239
1453297377
1453864949
1453890825
1454289864
1454906424
1454918984
1455065860
1455128215
1455138358
1455153033
1455191021
1455315695
1455672211
1456081080
1456469273
1456689418
1456908134
1457155664
1457967182
1458334241
1458387416
1458844112
1458877042
1459413994
1459897281
1459962866
1460234196
1460474208
1460563147
1460570637
1461362127
1461466137
1461762737
1461965282
1461966689
1462071541
1462934777
1463284777
1463478769
1463534326
1463950816
1464138156
1464159319
1464197478
1464608965
1464844792
1464982663
1465608105
1465650409
1465788329
1465973739
1466127013
1466146916
1466203477
1466424597
1466452402
1466475120
1466814934
1466963689
1467092659
1467477153
1467613679
1468248854
1468405120
1469156046
1469206994
1469301674
1470045177
1470049831
1470235663
1470262218
1470670103
1471564031
1471594272
1471976406
1472007838
1472410069
1472735781
1472758751
1473265520
1473431688
1473682209
1473804789
1473832474
1473991877
1475063141
1475075853
1475196524
1475239217
1475312234
1475500850
1475726703
1475928764
1476075473
1476351829
1476463188
1476840972
1476882260
1477255557
1478485676
1479008228
1479950332
1480391788
1480460929
1480960935
1481110266
1481177037
1482281385
1483128881
1483170388
1483739962
1483748338
1484173891
1484180899
1484393743
1484596237
1484837946
1485195974
1485320183
1485674470
1485709537
1485838910
1485934121
1486222493
1486310301
1486560340
1487135869
1487785402
1487999700
1488136300
1488322323
1488369514
1488898808
1488959477
1489008066
1489087246
1489277311
1489451986
1489591686
1489730990
1489742573
1489754390
1489914674
1489983580
1490089352
1490376217
1490575840
1490918008
1490949509
1490986029
1491102984
1491236628
1491250726
1491342779
1492366108
1492793507
1492799712
1493269554
1493311789
1493390291
1494010965
1494088682
1494088739
1494170876
1494379765
1494449505
1494455877
1494638285
1495089972
1495500800
1495525799
1495595214
1496428332
1496645654
1496933113
1496985427
1497166540
1497458800
1497673659
1497675907
1497768443
1498325141
1498487420
1498563845
1498937234
1499273048
1499357967
1499935431
1500293439
1500490424
1500493401
1500556690
1501082247
1501224997
1501276592
1501434741
1502668970
1502689443
1503166501
1503583603
1504005063
1504180507
1504181053
1504776033
1504983243
1505025063
1505381044
1505441427
1505919431
1506402788
1506469973
1506853156
1507421789
1507947297
1508062931
1509014000
1509526227
1509569680
1509996252
1510643459
1510681457
1510766988
1511406485
1511494336
1511768233
1511893909
1512460478
1512835535
1513159246
1513329643
1513383825
1513665925
1513882640
1514041989
1514190796
1514442523
1514563536
1514941457
1515002996
1515499922
1515617907
1516062560
1516437511
1516725257
1516826304
1517204347
1517794405
1517926669
1517931895
1518078020
1518369000
1518540645
1518810652
1518942499
1519427912
1519501434
1519809401
1519898281
1520190718
1520403440
1520671564
1520781038
1521214141
1521346311
1521373294
1521434139
1521482161
1521609108
1521875893
1522143164
1522329113
1522705857
1522718189
1523067124
1523266645
1523663830
1523730463
1524348580
1524834446
1525015486
1525223262
1525601970
1525851779
1525971600
1526611164
1527254173
1527408365
1527452645
1527474482
1527613790
1527694736
1528042408
1529047014
1529492134
1529595708
1529751726
1530064940
1530076555
1530078942
1530332647
1530433697
1530506880
1530547325
1530665121
1530784568
1531268510
1531289382
1531979544
1532156720
1532476518
1532504430
1532682203
1532819026
1533077444
1533207680
1533417482
1533674745
1533691986
1533948171
1534002231
1534183075
1535011340
1535863450
1535876270
1536415768
1536606184
1537116581
1537888944
1538268162
1538443130
1539353229
1540038501
1540272580
1540364696
1540702325
1541032894
1541157503
1541354741
1541381122
1541967262
1542206324
1542728672
1542980532
1543144395
1543363780
1543778725
1544141593
1544343151
1544583064
1544883136
1545653203
1546031104
1546110060
1546785104
1546864943
1547062398
1547143189
1547411075
1547661377
1547808190
1548185678
1548321641
1548418209
1548479763
1548626108
1548925445
1549084339
1549672055
1549824693
1549890850
1550250512
1550606200
1551014630
1551257324
1551407167
1552049065
1552502968
1552909892
1553342770
1553630633
1553773402
1554234041
1554477004
1554978987
1555106548
1555501508
1555629008
1555811341
1555818543
1556134713
1556239821
1556550313
1557912740
1558209557
1558671103
1558925100
1559252650
1559737902
1559852467
1560142556
1560960163
1561546659
1561943998
1561977924
1562153702
1562232766
1562290013
1562387094
1562606066
1562720902
1562860296
1563150975
1563232072
1563254072
1563836128
1564468989
1564486577
1564541169
1564693467
1564784175
1564838293
1564861997
1565865691
1566405715
1566441856
1566483538
1566546549
1566588280
1566650127
1566717254
1566749346
1566809269
1566843891
1567326126
1567372520
1567782908
1567816883
1567906198
1567975784
1567989405
1568006005
1568061657
1568175375
1569491108
1570052706
1570083447
1570396101
1570469609
1570798026
1570800951
1570852212
1570956535
1571115566
1571129799
1571182799
1571279450
1571356990
1572025705
1572085751
1572434199
1573369056
1573543895
1573606504
1573889771
1574485060
1574740337
1575382174
1575510514
1575903979
1575994910
1576335864
1577084328
1577564757
1577576182
1577949051
1578191118
1578276574
1578948186
1579058539
1580387101
1580496711
1580774388
1580916752
1581396024
1581489340
1581822369
1582448099
1582669869
1583225040
1583267932
1583871923
1584176732
1584285547
1584627831
1584663122
1584793714
1585108019
1585151412
1585488804
1585693054
1586409750
1586570945
1586626296
1586721588
1587056874
1587415432
1587639323
1588354734
1588588167
1589293651
1589392390
1589857200
1589963839
1590100048
1590120082
1590328968
1590418221
1590884889
1591100158
1592280984
1592607566
1592979026
1593122219
1593234107
1593594151
1593615046
1594334201
1594529739
1594615480
1594820087
1594929201
1594979092
1595022208
1595491969
1595733823
1595819423
1595828025
1595967018
1596161259
1596207555
1596449404
1596593021
1596759302
1597791353
1598518398
1598610989
1598675584
1598865764
1599084041
1599132081
1599748539
1600109468
1600156823
1600182443
1600652512
1600844100
1600856998
1601217067
1601239713
1601970196
1601981982
1602330464
1602456952
1602800141
1603708031
1604205279
1604508146
1604553097
1604717487
1605052890
1605340674
1605806778
1605896573
1606403426
1606869234
1606879412
1607264598
1607382101
1607409511
1607724257
1608140853
1608333438
1608951960
1609011540
1609327669
1609707755
1609758609
1609979469
1610421093
1610764503
1611622119
1611950490
1612431019
1612569492
1612600715
1612621922
1612640762
1612736270
1613054896
1613088730
1613171787
1613183312
1613672458
1613699005
1613926733
1614444005
1614804566
1614898827
1615376643
1615400249
1616372618
1616609852
1616936901
1617357030
1617563340
1618108908
1618194933
1618216117
1618355515
1618739948
1619106846
1619273520
1619427589
1620405046
1620635916
1620919406
1621118610
1622151862
1622680749
1623005828
1623063132
1623313499
1623347746
1623375692
1623950050
1623991867
1624031060
1624429399
1624689059
1624699790
1625263229
1625301208
1625421165
1625481960
1625570034
1625797715
1625913188
1626016512
1626709751
1627159057
1627380383
1627552425
1627637236
1628206203
1628222350
1628226545
1628315412
1628368966
1628619353
1628640445
1628651686
1629000023
1629119473
1629252552
1629389553
1629558636
1629647495
1630127166
1630254295
1630377285
1630649943
1631010056
1632811539
1633121887
1633462686
1633529762
1633819618
1634267919
1634453640
1634466998
1634480763
1634737644
1634754599
1634784049
1634872397
1635131318
1635548503
1635626306
1635702262
1635956028
1636241759
1636255571
1637011044
1637226362
1637449352
1637812345
1638009070
1638067833
1638687303
1638758578
1638773200
1638801225
1639565387
1639590352
1639877263
1640199974
1640401258
1640654704
1641124907
1641423309
1641882676
1642211977
1642397074
1642738026
1642796182
1643110223
1643491788
1643643143
1643715566
1643891304
1644558143
1644740562
1645116902
1645330285
1646012997
1646272128
1646356961
1646717280
1647203837
1647925730
1648127925
1648372802
1648429336
1648660381
1648678341
1649360937
1649499001
1649509912
1651018862
1651229067
1651719465
1651784524
1651893664
1652995969
1653215696
1653250298
1653619973
1653749761
1653774789
1653780800
1653858023
1653984028
1654068246
1654225501
1654239065
1654495080
1654613545
1654659014
1655085137
1655127425
1655742969
1655814951
1656123455
1656627202
1656658934
1657725996
1658103307
1658783936
1658993106
1659230041
1659522812
1660991330
1661130141
1661905456
1662043847
1662588989
1662594019
1663292143
1663431870
1663503883
1663749879
1663750885
1664394211
1664554609
1664575064
1664605743
1664720796
1664928255
1665224009
1665268888
1665362135
1665589900
1665750786
1666140100
1666180715
1667153629
1667167899
1667188166
1667262211
1667309671
1667683210
1668072103
1668191647
1668534076
1668664014
1668738208
1668902831
1669536055
1669616923
1669694919
1669957749
1671040864
1671505055
1671734360
1671976380
1672481996
1672653082
1673164896
1673227668
1673981863
1673984900
1674037621
1674283395
1674577146
1674706623
1674869005
1674978754
1675367637
1675512760
1675649466
1676066202
1676363017
1677276882
1677309925
1677839096
1677859556
1678550632
1679691302
1679786811
1680515480
1680630384
1680968946
1681452448
1681865899
1682387457
1682477176
1682583095
1682832699
1684074098
1684589591
1684611990
1684652078
1684687307
1684762786
1685488658
1686565065
1686633079
1686820902
1686962571
1686982926
1687946992
1687965999
1688136753
1688361585
1688468337
1688497577
1688547405
1688659633
1689146450
1689720674
1689951228
1690657323
1691140405
1692060281
1692432651
1692490198
1692763423
1692996303
1693140455
1693707833
1693900908
1693921504
1694068707
1694090917
1694113780
1694348642
1694493782
1695069862
1696096743
1696268091
1696364970
1696545965
1696844416
1697388013
1697496477
1697738132
1698058501
1698426968
1698808725
1698816791
1699625757
1699785934
1699914444
1700707352
1701009416
1702227801
1702976991
1703036060
1703474350
1703497880
1703725438
1703912525
1704602681
1704678858
1704719162
1704745683
1705284072
1705331861
1705457964
1705665543
1705678945
1706841635
1707074789
1707138528
1707309539
1707344150
1707657310
1707704464
1708298415
1708816511
1709238026
1709311005
1709656544
1709672141
1709683892
1710180392
1710297294
1710511459
1710650281
1710662357
1710673471
1710705414
1710966758
1710974411
1711106060
1711336702
1711395292
1711485454
1711565059
1712958894
1713251130
1713440150
1714213420
1714769342
1715110061
1715128568
1715465338
1715698365
1716032576
1716055145
1716147935
1716206308
1716361226
1716550905
1716573881
1716576827
1716885351
1717155509
1717275427
1717398831
1717426338
1717709079
1718164902
1718835317
1719010485
1719252479
1719716101
1719746271
1719993263
1720727453
1720767192
1720975576
1721021154
1721269151
1721396828
1721885931
1721894643
1722177210
1722306897
1722331512
1722420380
1722707195
1722807153
1723277015
1723519113
1724416659
1724535277
1724747834
1724915737
1725160428
1725260064
1725283956
1725295571
1726201831
1726483973
1726862011
1727117888
1727376404
1727426595
1727506828
1727873895
1728319498
1728366083
1728674483
1728819049
1728826276
1728921880
1729098903
1729304633
1729350609
1729672804
1730323848
1730765303
1731424485
1731510499
1731973264
1732054493
1732363938
1732377014
1732591692
1732782048
1732999915
1733044735
1733061956
1733234007
1733267080
1733692079
1733752550
1733761901
1733772352
1734556643
1735388388
1735772797
1735792624
1736029218
1736492507
1736645365
1736977321
1737055754
1737796480
1738395640
1738752583
1738838120
1739002189
1739056863
1739112274
1739482410
1739518965
1739854609
1741025303
1741053242
1741173859
1741366612
1741450013
1742077458
1742320687
1742424512
1742546740
1743225000
1743240717
1743257409
1743447092
1743640794
1743709175
1743802163
1743980715
1744869496
1745815162
1745852889
1746308807
1746467192
1746606494
1746942101
1747124264
1747144808
1747577064
1747681725
1748087534
1748258053
1748474075
1748501083
1748615910
1749872984
1750050148
1750050537
1750180120
1750244634
1750494753
1750704986
1750761988
1751742375
1752257034
1752340559
1752983101
1753192977
1753429777
1753800809
1754128423
1754290516
1754299684
1754621525
1754867262
1754886796
1755030184
1755354061
1755356941
1755515442
1756225684
1756951374
1757681933
1757736155
1757790062
1758365686
1758448634
1758580958
1758584501
1758955546
1759424052
1759506324
1759951459
1760011910
1760669906
1760792328
1760816701
1760995340
1761727889
1761857577
1762295789
1762364513
1762401936
1762910094
1763978626
1764243065
1765130212
1765167544
1765406146
1765764401
1765928862
1766340821
1766434645
1766719315
1766811371
1766943391
1767245641
1767859083
1767951605
1767997736
1768150078
1768180278
1768270555
1768333423
1768360562
1768550522
1768684215
1768871236
1768895491
1769081587
1769357716
1769393792
1769624950
1769684005
1769739875
1770305314
1770401224
1770552519
1771840771
1772195813
1772230930
1772364726
1772995879
1773142143
1773156529
1773795661
1774007627
1774187449
1774324554
1774373119
1774724086
1774782534
1775445078
1775800657
1776070226
1776191945
1776218346
1776555691
1776564601
1776660530
1776662513
1776723973
1776805733
1777035583
1778155123
1778360290
1778517759
1778584648
1779671196
1779721058
1779995690
1780296875
1780379543
1780484928
1780672133
1780678689
1781013850
1781099104
1781213298
1781548307
1781585184
1781680206
1781793028
1781838122
1782083259
1782796659
1783669066
1784070946
1784103541
1784467266
1784862916
1784979669
1785032613
1785302552
1786070079
1786507567
1786524237
1786655468
1786719943
1786896801
1787336705
1787356814
1788322040
1788882096
1788913603
1788932924
1789533084
1789895746
1789959505
1790034395
1790614382
1790623519
1791144929
1791355423
1791532312
1791791894
1791908320
1792373116
1792488721
1792818814
1793074804
1793301153
1793496743
1793515066
1794350374
1794755540
1794941508
1795198597
1795256886
1795278944
1796723704
1797029782
1797071640
1797765988
1798081724
1798423945
1798501010
1798575873
1798712358
1798883134
1799639262
1799947475
1801185554
1801686009
1802080486
1802275838
1803170340
1803488246
1803670455
1803762357
1803823455
1804216095
1804235300
1804435243
1804457281
1804776172
1804968380
1805027842
1805172748
1805424416
1806339281
1806992945
1807344241
1807358584
1807403629
1807480277
1807938284
1808039541
1808702801
1808940164
1809314987
1809357926
1809364577
1809940065
1810567351
1810699887
1811252233
1811915732
1812093952
1812362991
1813041763
1813143127
1813187785
1813425295
1813430270
1813599653
1814323629
1814634213
1814691966
1815326115
1815509997
1815725075
1815934617
1816448222
1816561997
1816862188
1816891212
1817290660
1817497682
1817712482
1817907520
1818694168
1818739852
1819523265
1819726288
1819807951
1820838513
1820939149
1821123021
1821518995
1821572584
1821597691
1821603450
1821630037
1821735110
1822514431
1822821891
1822998536
1823308493
1823488375
1823520313
1823865026
1824095979
1824435658
1824489044
1824585582
1824772489
1824898551
1825029743
1825240129
1825389750
1826118514
1826136624
1826605354
1826933336
1826964641
1827069473
1827135999
1827199410
1827746986
1828086727
1828362479
1829008663
1829044000
1829735972
1829776907
1829890922
1829944478
1830454067
1830574043
1830907988
1831665303
1831979653
1832117880
1832193630
1832241756
1832585811
1832617489
1832646563
1832655089
1832657475
1832710193
1832974712
1833176056
1833590320
1834097002
1834551727
1834745580
1835094291
1835105275
1835138902
1835181060
1835686382
1835802847
1835903792
1836640319
1836755578
1837468051
1837605891
1838240595
1838429948
1838505464
1838577691
1839438390
1839518878
1839807011
1840020147
1840040266
1840064892
1840164798
1840286996
1840295538
1840339528
1840483108
1840526353
1840601491
1841327313
1841354951
1841359586
1841486471
1841555769
1841721730
1841778059
1841849626
1842234538
1842806621
1842874816
1843169000
1843201323
1843841720
1844344219
1844598944
1844959290
1845022417
1845753692
1845869718
1846064095
1846194076
1846270452
1846273626
1846394412
1847247935
1847266756
1847605518
1847736779
1847998870
1848317752
1848346602
1849157797
1849314270
1849381478
1849642313
1849872886
1850484330
1850608728
1852271108
1852392706
1852498551
1853356494
1853424398
1853479722
1853514580
1853783516
1854054122
1854441215
1854614940
1854903934
1855055854
1855842958
1856636154
1856865764
1856888979
1857510747
1857755095
1857873889
1857956782
1858278728
1858876597
1858970069
1859054989
1859218064
1859310555
1859362839
1859769866
1859785262
1860383373
1860499194
1860542788
1861171884
1861300706
1861360096
1861615189
1861631599
1861755636
1861955552
1861956382
1862376824
1862581565
1863060959
1863215313
1863508144
1863722613
1863856667
1863934041
1864472375
1864504320
1864700972
1864758252
1865512630
1865883365
1866384939
1866482704
1866694620
1866778868
1867149925
1867170464
1867443525
1867459967
1867723421
1867727699
1867791799
1867958249
1868230959
1868408297
1868493940
1868521378
1868682078
1869092749
1869460128
1869604128
1869822037
1869907905
1870125657
1870295170
1870420608
1870624819
1870643938
1870876462
1871165553
1871847217
1872187458
1872568826
1873263100
1873713744
1874746381
1874909842
1875033770
1875675205
1876361562
1876760797
1876803387
1877241342
1877598304
1877943590
1878048224
1878133033
1878190442
1878422240
1878546525
1878546905
1878774611
1878855240
1879007969
1879443110
1879600218
1879618310
1879645680
1879838424
1880129058
1880129322
1880511164
1881240515
1881302462
1881381805
1881547964
1881758122
1881862430
1882558303
1882827464
1884075352
1884365661
1884614169
1884790557
1884855090
1884889506
1885355600
1885661105
1885850621
1886014872
1886152885
1886397620
1886576454
1887032547
1887250129
1887479587
1887856576
1887935269
1887964377
1888134865
1888223985
1888348672
1888506714
1888857978
1889238049
1889358727
1889778154
1889816793
1890381346
1890529081
1890851266
1891467353
1891664782
1891689259
1892143549
1892182084
1892326174
1892476213
1893628938
1893743722
1895090368
1895190735
1895250515
1896041134
1896249316
1896299960
1896520555
1896746717
1897468086
1897707658
1897839263
1897976234
1898078493
1899223332
1899405849
1900101336
1900521197
1900644377
1900662217
1901211814
1901496414
1901917683
1902164211
1902473273
1902886103
1902945457
1903139304
1903299579
1904498092
1904626832
1905787548
1906215823
1906547749
1906584290
1907029141
1907291067
1907416382
1907820659
1907861145
1908010003
1908236584
1908270281
1908346921
1908455747
1908744329
1909102623
1909339337
1909636966
1909662285
1909795565
1910048068
1910343390
1910445401
1910629629
1910689326
1910776131
1910819418
1911174613
1911378842
1911976720
1912030050
1912091998
1912942483
1913691888
1913750446
1914446707
1914628276
1914955722
1915155772
1915238723
1915306203
1915993024
1916348794
1916437406
1917154628
1917394790
1918072223
1918304931
1919374066
1919909575
1919928863
1920350409
1920359038
1920577192
1920581315
1921017765
1921071821
1921148304
1921159626
1921242695
1921362950
1921511332
1921738510
1921743709
1921882748
1921992676
1922905978
1923372269
1923758028
1923760914
1924296432
1924307341
1924915058
1924936732
1925147435
1925153288
1925268204
1925272804
1925412665
1925967710
1926110493
1926412057
1926650282
1927057912
1927332631
1928495485
1928649635
1928808598
1928971032
1929024258
1929162142
1929290842
1931722699
1931871856
1932614985
1932671314
1933660709
1933734489
1933760141
1933812561
1934012961
1934095931
1934127099
1934192238
1934246756
1934913351
1934978314
1935092574
1935251877
1935326640
1935415490
1935893300
1936254140
1936456052
1936672218
1936809010
1937050534
1937233985
1937328496
1937492571
1937498036
1937612466
1937985178
1938239058
1939149509
1939157246
1939345690
1939381956
1939386378
1939599077
1939695276
1939731697
1939869920
1940479082
1940926207
1940991361
1941088295
1941140146
1941394068
1941594346
1941755899
1941848067
1942010086
1942033211
1942371969
1942396296
1943485927
1944124384
1944699903
1944749228
1945115299
1945390349
1945902823
1946139629
1946300476
1946538402
1947108274
1947582743
1948131838
1948740869
1948909145
1949281202
1949510614
1949542866
1949581837
1949639474
1949681895
1949831214
1949917498
1949976254
1952047739
1952197843
1952221027
1952494380
1952506229
1952549338
1952639091
1952944912
1953035289
1953171650
1953532521
1953926558
1953939825
1954130969
1954297021
1954330512
1954425108
1954568505
1954728726
1954895175
1956005000
1956376482
1956377675
1956466346
1957718135
1958413474
1958592227
1959132708
1959547684
1959790777
1959873462
1960157582
1960282678
1960324324
1960698920
1960927125
1961072798
1961148631
1961327718
1961450214
1961452455
1961490803
1961517157
1961571333
1961630111
1961870665
1962056629
1962112916
1962204752
1962352107
1962569717
1963050744
1963177997
1963179445
1963287564
1963466547
1963613647
1963969583
1964325923
1964551776
1964580047
1964701389
1965300376
1965308707
1965341592
1966177402
1966353722
1966381342
1966387642
1966732259
1966777761
1966957709
1967566254
1967643003
1967789672
1968015661
1968376109
1968433344
1968729880
1968909824
1968989454
1969088654
1969142226
1969202716
1969332560
1969484683
1970302082
1970624994
1970850762
1971081696
1971095309
1971180527
1972059814
1972288809
1972300736
1972467171
1972722198
1973760556
1974295038
1974540002
1974761151
1975160475
1975360631
1975921577
1976318122
1976465426
1976598412
1976686138
1977160351
1977254655
1977405027
1977444047
1977486900
1977577984
1977782353
1978304798
1978471247
1978543382
1979143703
1979596788
1979603992
1979669622
1980041819
1980488702
1981075012
1981148860
1981166390
1981462140
1981477990
1981621494
1982107350
1982296869
1982424440
1982654180
1982674817
1982941130
1983170252
1984162499
1984320754
1984374892
1984406400
1985445918
1986010067
1986247890
1986292093
1986320339
1986344880
1986370040
1986559004
1986731294
1986847786
1987121263
1987145887
1987499512
1987675083
1987724195
1988041405
1988178423
1988433870
1988702605
1988818573
1989139327
1989395600
1989702203
1990300161
1990984543
1991249576
1991430642
1992242262
1992483562
1992663141
1993063537
1993257731
1993440510
1993564172
1993567702
1993602636
1994126927
1994356978
1994395802
1994540021
1994604836
1994676058
1995416283
1995829128
1996104042
1996415451
1996739717
1996762613
1997072915
1997282630
1997527432
1998418084
1998484948
1998771329
1998884704
1999035088
1999249578
1999313690
1999357270
1999401724
1999603717
1999788146
2000005900
2000244110
2000381340
2000393497
2000625078
2000814810
2001467802
2002135923
2003196654
2003285981
2003754736
2003917702
2004152202
2004447516
2004634573
2004781665
2004911949
2004980081
2005112504
2005465719
2006019551
2006083740
2006165835
2006312399
2006387428
2006746253
2006833409
2006856019
2006998610
2007168845
2007186873
2007592108
2007669816
2008041898
2008479257
2008490587
2009001675
2009136507
2010145235
2010549901
2011007700
2011695323
2011894654
2011941481
2011949456
2012328767
2012717995
2012731564
2012961532
2012982684
2013035897
2013138230
2013433682
2013516485
2013971785
2014096603
2014212407
2015509745
2015602218
2015905853
2015965083
2016789690
2017294142
2017306787
2017512556
2017659208
2017719468
2017727798
2018382800
2018494392
2018799177
2019171937
2019211600
2019330489
2019412398
2019492251
2019527885
2019730804
2021045052
2021080393
2021470660
2021506360
2021957511
2022028795
2022097557
2022162966
2022183071
2022603030
2023134949
2023395398
2023756276
2023940426
2024063398
2024081958
2024140672
2024370598
2024384286
2024762398
2024842945
2025029303
2025124360
2025434073
2025592335
2025698813
2025955727
2026228299
2026678075
2027078518
2027402820
2027994985
2028054444
2028447542
2028479995
2028643580
2028701524
2029503438
2029915680
2030061425
2030231273
2030490469
2031134749
2031196440
2031303417
2031447050
2031580336
2031718421
2031931155
2032412701
2032474161
2032733006
2033593157
2033999110
2034018894
2034138641
2034196380
2035171849
2035344235
2035668597
2035827411
2036289701
2036418148
2037084366
2037144999
2037345996
2037367747
2037386071
2037976650
2038132713
2038212466
2038266549
2038345397
2038713629
2038996155
2039141157
2039144692
2039810301
2040251126
2040519487
2040559933
2041529690
2041926973
2041947321
2042626802
2042667543
2042690320
2042748746
2042798527
2042817015
2043073803
2043466723
2043469915
2043637992
2043770665
2044085816
2044271275
2044659906
2045522243
2045648934
2045688138
2046013972
2046055676
2046594065
2046899083
2047120555
2047461207
2047511425
2047662419
2047720224
2047794885
2048062940
2048099244
2048292069
2048346201
2048349459
2048765751
2048937737
2049143652
2049380932
2049686303
2049960760
2049999631
2050322889
2050708995
2050861276
2050954863
2051509249
2052246058
2052932051
2053709063
2053813573
2054074429
2054366669
2054685377
2054820545
2054871271
2054976923
2055789438
2055841679
2055849131
2056389063
2056739574
2056978036
2056988718
2057445698
2057598124
2057625522
2057799687
2057880900
2057954341
2058095144
2058230527
2058679952
2058844137
2059416957
2059472936
2059720680
2059819968
2059955975
2060788973
2061439289
2061636036
2062252540
2062493684
2063568039
2064231261
2064405519
2064448827
2064781005
2064874300
2064968801
2065247070
2066134774
2066291178
2066309849
2066857356
2066944070
2067311553
2067422534
2068066529
2068158109
2068387841
2068553648
2068570561
2068957097
2069073185
2069217334
2069221981
2069252717
2070056418
2070281219
2070451246
2070539513
2070955581
2071119792
2071471120
2071537092
2071796201
2071967505
2072038306
2072126079
2072185973
2072640238
2072641047
2072693168
2072830347
2072900032
2073012209
2073185314
2073387358
2073493919
2074064735
2074089008
2074267384
2074632031
2075255434
2075536840
2075704467
2075720431
2076195336
2076677932
2076992245
2077014851
2077552272
2077584414
2077596170
2078186718
2079001996
2079076780
2079084112
2079231308
2079547842
2079578905
2079741563
2080381072
2080389321
2080863686
2081860449
2082798709
2082920464
2083164280
2083175170
2083394594
2083821379
2084088557
2085054017
2085087682
2085179044
2085252188
2085552406
2085683530
2086341371
2086480541
2086513640
2086599797
2086868358
2086938000
2086944109
2087024389
2087222417
2087766409
2088015611
2088578641
2088851569
2089274286
2089545335
2089654450
2090000220
2090009674
2090115705
2090317284
2090947351
2090996564
2091048772
2091257381
2091418855
2091618866
2092167252
2092599513
2093327421
2093924467
2093988447
2094188560
2094263040
2094539026
2094892981
2095593322
2095765655
2095819549
2096083959
2096833861
2097111889
2097227136
2097277507
2097503393
2097532013
2097591403
2097837068
2097868747
2097981850
2098118206
2098368027
2098395506
2098842434
2098948037
2099285043
2099466576
2099669204
2099718899
2099743431
2099847195
2100009635
2100229826
2100275890
2100338473
2100576491
2100609028
2100771343
2100918483
2100935252
2101049186
2101923837
2101954699
2102035089
2102551359
2103042051
2103098218
2103223202
2103232538
2103395389
2103422695
2103468169
2103537114
2104219378
2104221433
2104353357
2104896821
2104901677
2105089279
2106024790
2106075945
2106487713
2106653419
2106689317
2106701126
2106740769
2106954239
2107466150
2108014690
2108127153
2108208784
2108313867
2108573023
2108682007
2109152455
2110100588
2110364799
2110479971
2110856816
2111254566
2111314350
2111502611
2112195221
2112403874
2112585498
2112971337
2113047901
2113099098
2113491308
2113587423
2113700074
2114508032
2114862553
2114945733
2115134406
2115255480
2115385386
2115743383
2115849328
2115904159
2116202784
2116316944
2116614015
2116689403
2117571315
2117610225
2117862989
2118066897
2118211076
2118293786
2118772817
2118954959
2119076439
2119116796
2119139342
2119211332
2119320618
2119338965
2119469425
2119602891
2119652323
2119960747
2120160118
2120240711
2120306120
2121106466
2121417203
2121497868
2121540134
2121716630
2122304617
2122459278
2122558217
2122785181
2122891249
2122924698
2123626813
2124098019
2124643879
2124776013
2125227062
2125628243
2125671269
2125788164
2125958691
2126060577
2126196617
2126872856
2127509575
2127509757
2127623450
2127868758
2128087885
2128307333
2128571161
2128583811
2128753755
2128780018
2129054428
2129073213
2129336725
2129825123
2130010240
2130460176
2130471706
2130516497
2131300900
2131690438
2131826701
2131974579
2132108404
2132736984
2133398170
2133560814
2133737986
2133749942
2133790798
2133977090
2134403977
2134477017
2134923525
2135039421
2135876643
2137083777
2137188273
2137349519
2137717013
2137740437
2137763121
2137795858
2137829307
2138842712
2138947377
2139294722
2139705760
2140062916
2140116008
2140312982
2140672843
2140712881
2141259257
2141636084
2141999845
2142142101
2142173004
2143056901
2143464163
2143475331
2143755573
2144076689
2144189085
2144333400
2144661817
2145078185
2145112042
2145220488
2145287421
2145332588
2145571960
2145885790
2145977530
2146325240
2146354066
2146370746
2147230823
2147283004
